_id,日付,曜,中央区①,中央区②,中央区③,中央区④,中央区⑤,中央区⑥,豊平区①,豊平区②,豊平区③,豊平区④,清田区①,清田区②,北区①,北区②,北区③,北区④,北区⑤,北区⑥,東区①,東区②,東区③,東区④,東区⑤,東区⑥,白石区①,白石区②,白石区③,白石区④,厚別区①,厚別区②,厚別区③,厚別区④,南区①,南区②,南区③,南区④,南区⑤,南区⑥,南区⑦,西区①,西区②,西区③,西区④,手稲区①,手稲区②,手稲区③
1,2022-10-01T00:00:00,土,,,,,,,,,,,,,,,,,,,,,,,,,,,,,,,,,,,,,,,,,,,,,,
2,2022-10-02T00:00:00,日,,,,,,,,,,,,,,,,,,,,,,,,,,,,,,,,,,,,,,,,,,,,,,
3,2022-10-03T00:00:00,月,1,1,1,10,9,8,10,8,9,1,1,1,1,1,1,10,8,9,1,1,1,10,8,9,9,2,8,1,1,1,1,1,1,1,1,11,9,9,8,1,1,1,9,8,11,8
4,2022-10-04T00:00:00,火,8,10,9,1,1,1,1,1,1,10,9,8,9,10,8,1,1,1,10,8,9,1,1,1,1,1,1,8,9,9,8,2,9,11,8,1,1,1,1,9,11,8,1,1,1,1
5,2022-10-05T00:00:00,水,10,9,8,9,8,10,9,10,8,8,10,9,10,8,9,9,10,8,9,10,8,9,10,8,2,8,9,2,8,2,2,9,8,9,11,8,8,11,9,8,9,11,11,9,8,11
6,2022-10-06T00:00:00,木,1,1,1,8,10,9,8,9,10,1,1,1,1,1,1,8,9,10,1,1,1,8,9,10,8,9,2,1,1,1,1,1,1,1,1,9,11,8,11,1,1,1,8,11,9,9
7,2022-10-07T00:00:00,金,9,8,10,1,1,1,1,1,1,9,8,10,8,9,10,1,1,1,8,9,10,1,1,1,1,1,1,9,2,8,9,8,11,8,9,1,1,1,1,11,8,9,1,1,1,1
8,2022-10-08T00:00:00,土,,,,,,,,,,,,,,,,,,,,,,,,,,,,,,,,,,,,,,,,,,,,,,
9,2022-10-09T00:00:00,日,,,,,,,,,,,,,,,,,,,,,,,,,,,,,,,,,,,,,,,,,,,,,,
10,2022-10-10T00:00:00,月,1,1,1,11,9,8,11,8,9,1,1,1,1,1,1,2,8,9,1,1,1,2,8,9,9,10,8,1,1,1,1,1,1,1,1,10,9,9,8,1,1,1,9,8,10,8
11,2022-10-11T00:00:00,火,8,11,9,1,1,1,1,1,1,11,9,8,9,2,8,1,1,1,2,8,9,1,1,1,1,1,1,8,9,9,8,10,9,10,8,1,1,1,1,9,10,8,1,1,1,1
12,2022-10-12T00:00:00,水,11,9,8,9,8,11,9,11,8,8,11,9,2,8,9,9,2,8,9,2,8,9,2,8,10,8,9,10,8,10,10,9,8,9,10,8,8,10,9,8,9,10,10,9,8,10
13,2022-10-13T00:00:00,木,1,1,1,8,11,9,8,9,11,1,1,1,1,1,1,8,9,2,1,1,1,8,9,2,8,9,10,1,1,1,1,1,1,1,1,9,10,8,10,1,1,1,8,10,9,9
14,2022-10-14T00:00:00,金,9,8,11,1,1,1,1,1,1,9,8,11,8,9,2,1,1,1,8,9,2,1,1,1,1,1,1,9,10,8,9,8,10,8,9,1,1,1,1,10,8,9,1,1,1,1
15,2022-10-15T00:00:00,土,,,,,,,,,,,,,,,,,,,,,,,,,,,,,,,,,,,,,,,,,,,,,,
16,2022-10-16T00:00:00,日,,,,,,,,,,,,,,,,,,,,,,,,,,,,,,,,,,,,,,,,,,,,,,
17,2022-10-17T00:00:00,月,1,1,1,10,9,8,10,8,9,1,1,1,1,1,1,10,8,9,1,1,1,10,8,9,9,11,8,1,1,1,1,1,1,1,1,2,9,9,8,1,1,1,9,8,2,8
18,2022-10-18T00:00:00,火,8,10,9,1,1,1,1,1,1,10,9,8,9,10,8,1,1,1,10,8,9,1,1,1,1,1,1,8,9,9,8,11,9,2,8,1,1,1,1,9,2,8,1,1,1,1
19,2022-10-19T00:00:00,水,10,9,8,9,8,10,9,10,8,8,10,9,10,8,9,9,10,8,9,10,8,9,10,8,11,8,9,11,8,11,11,9,8,9,2,8,8,2,9,8,9,2,2,9,8,2
20,2022-10-20T00:00:00,木,1,1,1,8,10,9,8,9,10,1,1,1,1,1,1,8,9,10,1,1,1,8,9,10,8,9,11,1,1,1,1,1,1,1,1,9,2,8,2,1,1,1,8,2,9,9
21,2022-10-21T00:00:00,金,9,8,10,1,1,1,1,1,1,9,8,10,8,9,10,1,1,1,8,9,10,1,1,1,1,1,1,9,11,8,9,8,2,8,9,1,1,1,1,2,8,9,1,1,1,1
22,2022-10-22T00:00:00,土,,,,,,,,,,,,,,,,,,,,,,,,,,,,,,,,,,,,,,,,,,,,,,
23,2022-10-23T00:00:00,日,,,,,,,,,,,,,,,,,,,,,,,,,,,,,,,,,,,,,,,,,,,,,,
24,2022-10-24T00:00:00,月,1,1,1,2,9,8,2,8,9,1,1,1,1,1,1,11,8,9,1,1,1,11,8,9,9,10,8,1,1,1,1,1,1,1,1,10,9,9,8,1,1,1,9,8,10,8
25,2022-10-25T00:00:00,火,8,2,9,1,1,1,1,1,1,2,9,8,9,11,8,1,1,1,11,8,9,1,1,1,1,1,1,8,9,9,8,10,9,10,8,1,1,1,1,9,10,8,1,1,1,1
26,2022-10-26T00:00:00,水,2,9,8,9,8,2,9,2,8,8,2,9,11,8,9,9,11,8,9,11,8,9,11,8,10,8,9,10,8,10,10,9,8,9,10,8,8,10,9,8,9,10,10,9,8,10
27,2022-10-27T00:00:00,木,1,1,1,8,2,9,8,9,2,1,1,1,1,1,1,8,9,11,1,1,1,8,9,11,8,9,10,1,1,1,1,1,1,1,1,9,10,8,10,1,1,1,8,10,9,9
28,2022-10-28T00:00:00,金,9,8,2,1,1,1,1,1,1,9,8,2,8,9,11,1,1,1,8,9,11,1,1,1,1,1,1,9,10,8,9,8,10,8,9,1,1,1,1,10,8,9,1,1,1,1
29,2022-10-29T00:00:00,土,,,,,,,,,,,,,,,,,,,,,,,,,,,,,,,,,,,,,,,,,,,,,,
30,2022-10-30T00:00:00,日,,,,,,,,,,,,,,,,,,,,,,,,,,,,,,,,,,,,,,,,,,,,,,
31,2022-10-31T00:00:00,月,1,1,1,10,9,8,10,8,9,1,1,1,1,1,1,10,8,9,1,1,1,10,8,9,9,2,8,1,1,1,1,1,1,1,1,11,9,9,8,1,1,1,9,8,11,8
32,2022-11-01T00:00:00,火,8,10,9,1,1,1,1,1,1,10,9,8,9,10,8,1,1,1,10,8,9,1,1,1,1,1,1,8,9,9,8,2,9,11,8,1,1,1,1,9,11,8,1,1,1,1
33,2022-11-02T00:00:00,水,10,9,8,9,8,10,9,10,8,8,10,9,10,8,9,9,10,8,9,10,8,9,10,8,2,8,9,2,8,2,2,9,8,9,11,8,8,11,9,8,9,11,11,9,8,11
34,2022-11-03T00:00:00,木,1,1,1,8,10,9,8,9,10,1,1,1,1,1,1,8,9,10,1,1,1,8,9,10,8,9,2,1,1,1,1,1,1,1,1,9,11,8,11,1,1,1,8,11,9,9
35,2022-11-04T00:00:00,金,9,8,10,1,1,1,1,1,1,9,8,10,8,9,10,1,1,1,8,9,10,1,1,1,1,1,1,9,2,8,9,8,11,8,9,1,1,1,1,11,8,9,1,1,1,1
36,2022-11-05T00:00:00,土,,,,,,,,,,,,,,,,,,,,,,,,,,,,,,,,,,,,,,,,,,,,,,
37,2022-11-06T00:00:00,日,,,,,,,,,,,,,,,,,,,,,,,,,,,,,,,,,,,,,,,,,,,,,,
38,2022-11-07T00:00:00,月,1,1,1,11,9,8,11,8,9,1,1,1,1,1,1,2,8,9,1,1,1,2,8,9,9,10,8,1,1,1,1,1,1,1,1,10,9,9,8,1,1,1,9,8,10,8
39,2022-11-08T00:00:00,火,8,11,9,1,1,1,1,1,1,11,9,8,9,2,8,1,1,1,2,8,9,1,1,1,1,1,1,8,9,9,8,10,9,10,8,1,1,1,1,9,10,8,1,1,1,1
40,2022-11-09T00:00:00,水,11,9,8,9,8,11,9,11,8,8,11,9,2,8,9,9,2,8,9,2,8,9,2,8,10,8,9,10,8,10,10,9,8,9,10,8,8,10,9,8,9,10,10,9,8,10
41,2022-11-10T00:00:00,木,1,1,1,8,11,9,8,9,11,1,1,1,1,1,1,8,9,2,1,1,1,8,9,2,8,9,10,1,1,1,1,1,1,1,1,9,10,8,10,1,1,1,8,10,9,9
42,2022-11-11T00:00:00,金,9,8,11,1,1,1,1,1,1,9,8,11,8,9,2,1,1,1,8,9,2,1,1,1,1,1,1,9,10,8,9,8,10,8,9,1,1,1,1,10,8,9,1,1,1,1
43,2022-11-12T00:00:00,土,,,,,,,,,,,,,,,,,,,,,,,,,,,,,,,,,,,,,,,,,,,,,,
44,2022-11-13T00:00:00,日,,,,,,,,,,,,,,,,,,,,,,,,,,,,,,,,,,,,,,,,,,,,,,
45,2022-11-14T00:00:00,月,1,1,1,10,9,8,10,8,9,1,1,1,1,1,1,10,8,9,1,1,1,10,8,9,9,11,8,1,1,1,1,1,1,1,1,2,9,9,8,1,1,1,9,8,2,8
46,2022-11-15T00:00:00,火,8,10,9,1,1,1,1,1,1,10,9,8,9,10,8,1,1,1,10,8,9,1,1,1,1,1,1,8,9,9,8,11,9,2,8,1,1,1,1,9,2,8,1,1,1,1
47,2022-11-16T00:00:00,水,10,9,8,9,8,10,9,10,8,8,10,9,10,8,9,9,10,8,9,10,8,9,10,8,11,8,9,11,8,11,11,9,8,9,2,8,8,2,9,8,9,2,2,9,8,2
48,2022-11-17T00:00:00,木,1,1,1,8,10,9,8,9,10,1,1,1,1,1,1,8,9,10,1,1,1,8,9,10,8,9,11,1,1,1,1,1,1,1,1,9,2,8,2,1,1,1,8,2,9,9
49,2022-11-18T00:00:00,金,9,8,10,1,1,1,1,1,1,9,8,10,8,9,10,1,1,1,8,9,10,1,1,1,1,1,1,9,11,8,9,8,2,8,9,1,1,1,1,2,8,9,1,1,1,1
50,2022-11-19T00:00:00,土,,,,,,,,,,,,,,,,,,,,,,,,,,,,,,,,,,,,,,,,,,,,,,
51,2022-11-20T00:00:00,日,,,,,,,,,,,,,,,,,,,,,,,,,,,,,,,,,,,,,,,,,,,,,,
52,2022-11-21T00:00:00,月,1,1,1,2,9,8,2,8,9,1,1,1,1,1,1,11,8,9,1,1,1,11,8,9,9,10,8,1,1,1,1,1,1,1,1,10,9,9,8,1,1,1,9,8,10,8
53,2022-11-22T00:00:00,火,8,2,9,1,1,1,1,1,1,2,9,8,9,11,8,1,1,1,11,8,9,1,1,1,1,1,1,8,9,9,8,10,9,10,8,1,1,1,1,9,10,8,1,1,1,1
54,2022-11-23T00:00:00,水,2,9,8,9,8,2,9,2,8,8,2,9,11,8,9,9,11,8,9,11,8,9,11,8,10,8,9,10,8,10,10,9,8,9,10,8,8,10,9,8,9,10,10,9,8,10
55,2022-11-24T00:00:00,木,1,1,1,8,2,9,8,9,2,1,1,1,1,1,1,8,9,11,1,1,1,8,9,11,8,9,10,1,1,1,1,1,1,1,1,9,10,8,10,1,1,1,8,10,9,9
56,2022-11-25T00:00:00,金,9,8,2,1,1,1,1,1,1,9,8,2,8,9,11,1,1,1,8,9,11,1,1,1,1,1,1,9,10,8,9,8,10,8,9,1,1,1,1,10,8,9,1,1,1,1
57,2022-11-26T00:00:00,土,,,,,,,,,,,,,,,,,,,,,,,,,,,,,,,,,,,,,,,,,,,,,,
58,2022-11-27T00:00:00,日,,,,,,,,,,,,,,,,,,,,,,,,,,,,,,,,,,,,,,,,,,,,,,
59,2022-11-28T00:00:00,月,1,1,1,10,9,8,10,8,9,1,1,1,1,1,1,10,8,9,1,1,1,10,8,9,9,2,8,1,1,1,1,1,1,1,1,11,9,9,8,1,1,1,9,8,11,8
60,2022-11-29T00:00:00,火,8,10,9,1,1,1,1,1,1,10,9,8,9,10,8,1,1,1,10,8,9,1,1,1,1,1,1,8,9,9,8,2,9,11,8,1,1,1,1,9,11,8,1,1,1,1
61,2022-11-30T00:00:00,水,10,9,8,9,8,10,9,10,8,8,10,9,10,8,9,9,10,8,9,10,8,9,10,8,2,8,9,2,8,2,2,9,8,9,11,8,8,11,9,8,9,11,11,9,8,11
62,2022-12-01T00:00:00,木,1,1,1,8,10,9,8,9,10,1,1,1,1,1,1,8,9,10,1,1,1,8,9,10,8,9,2,1,1,1,1,1,1,1,1,9,11,8,11,1,1,1,8,11,9,9
63,2022-12-02T00:00:00,金,9,8,10,1,1,1,1,1,1,9,8,10,8,9,10,1,1,1,8,9,10,1,1,1,1,1,1,9,2,8,9,8,11,8,9,1,1,1,1,11,8,9,1,1,1,1
64,2022-12-03T00:00:00,土,,,,,,,,,,,,,,,,,,,,,,,,,,,,,,,,,,,,,,,,,,,,,,
65,2022-12-04T00:00:00,日,,,,,,,,,,,,,,,,,,,,,,,,,,,,,,,,,,,,,,,,,,,,,,
66,2022-12-05T00:00:00,月,1,1,1,11,9,8,11,8,9,1,1,1,1,1,1,2,8,9,1,1,1,2,8,9,9,10,8,1,1,1,1,1,1,1,1,10,9,9,8,1,1,1,9,8,10,8
67,2022-12-06T00:00:00,火,8,11,9,1,1,1,1,1,1,11,9,8,9,2,8,1,1,1,2,8,9,1,1,1,1,1,1,8,9,9,8,10,9,10,8,1,1,1,1,9,10,8,1,1,1,1
68,2022-12-07T00:00:00,水,11,9,8,9,8,11,9,11,8,8,11,9,2,8,9,9,2,8,9,2,8,9,2,8,10,8,9,10,8,10,10,9,8,9,10,8,8,10,9,8,9,10,10,9,8,10
69,2022-12-08T00:00:00,木,1,1,1,8,11,9,8,9,11,1,1,1,1,1,1,8,9,2,1,1,1,8,9,2,8,9,10,1,1,1,1,1,1,1,1,9,10,8,10,1,1,1,8,10,9,9
70,2022-12-09T00:00:00,金,9,8,11,1,1,1,1,1,1,9,8,11,8,9,2,1,1,1,8,9,2,1,1,1,1,1,1,9,10,8,9,8,10,8,9,1,1,1,1,10,8,9,1,1,1,1
71,2022-12-10T00:00:00,土,,,,,,,,,,,,,,,,,,,,,,,,,,,,,,,,,,,,,,,,,,,,,,
72,2022-12-11T00:00:00,日,,,,,,,,,,,,,,,,,,,,,,,,,,,,,,,,,,,,,,,,,,,,,,
73,2022-12-12T00:00:00,月,1,1,1,10,9,8,10,8,9,1,1,1,1,1,1,10,8,9,1,1,1,10,8,9,9,0,8,1,1,1,1,1,1,1,1,2,9,9,8,1,1,1,9,8,2,8
74,2022-12-13T00:00:00,火,8,10,9,1,1,1,1,1,1,10,9,8,9,10,8,1,1,1,10,8,9,1,1,1,1,1,1,8,9,9,8,0,9,2,8,1,1,1,1,9,2,8,1,1,1,1
75,2022-12-14T00:00:00,水,10,9,8,9,8,10,9,10,8,8,10,9,10,8,9,9,10,8,9,10,8,9,10,8,0,8,9,0,8,0,0,9,8,9,2,8,8,2,9,8,9,2,2,9,8,2
76,2022-12-15T00:00:00,木,1,1,1,8,10,9,8,9,10,1,1,1,1,1,1,8,9,10,1,1,1,8,9,10,8,9,0,1,1,1,1,1,1,1,1,9,2,8,2,1,1,1,8,2,9,9
77,2022-12-16T00:00:00,金,9,8,10,1,1,1,1,1,1,9,8,10,8,9,10,1,1,1,8,9,10,1,1,1,1,1,1,9,0,8,9,8,2,8,9,1,1,1,1,2,8,9,1,1,1,1
78,2022-12-17T00:00:00,土,,,,,,,,,,,,,,,,,,,,,,,,,,,,,,,,,,,,,,,,,,,,,,
79,2022-12-18T00:00:00,日,,,,,,,,,,,,,,,,,,,,,,,,,,,,,,,,,,,,,,,,,,,,,,
80,2022-12-19T00:00:00,月,1,1,1,2,9,8,2,8,9,1,1,1,1,1,1,0,8,9,1,1,1,0,8,9,9,10,8,1,1,1,1,1,1,1,1,10,9,9,8,1,1,1,9,8,10,8
81,2022-12-20T00:00:00,火,8,2,9,1,1,1,1,1,1,2,9,8,9,0,8,1,1,1,0,8,9,1,1,1,1,1,1,8,9,9,8,10,9,10,8,1,1,1,1,9,10,8,1,1,1,1
82,2022-12-21T00:00:00,水,2,9,8,9,8,2,9,2,8,8,2,9,0,8,9,9,0,8,9,0,8,9,0,8,10,8,9,10,8,10,10,9,8,9,10,8,8,10,9,8,9,10,10,9,8,10
83,2022-12-22T00:00:00,木,1,1,1,8,2,9,8,9,2,1,1,1,1,1,1,8,9,0,1,1,1,8,9,0,8,9,10,1,1,1,1,1,1,1,1,9,10,8,10,1,1,1,8,10,9,9
84,2022-12-23T00:00:00,金,9,8,2,1,1,1,1,1,1,9,8,2,8,9,0,1,1,1,8,9,0,1,1,1,1,1,1,9,10,8,9,8,10,8,9,1,1,1,1,10,8,9,1,1,1,1
85,2022-12-24T00:00:00,土,,,,,,,,,,,,,,,,,,,,,,,,,,,,,,,,,,,,,,,,,,,,,,
86,2022-12-25T00:00:00,日,,,,,,,,,,,,,,,,,,,,,,,,,,,,,,,,,,,,,,,,,,,,,,
87,2022-12-26T00:00:00,月,1,1,1,10,9,8,10,8,9,1,1,1,1,1,1,10,8,9,1,1,1,10,8,9,9,2,8,1,1,1,1,1,1,1,1,0,9,9,8,1,1,1,9,8,0,8
88,2022-12-27T00:00:00,火,8,10,9,1,1,1,1,1,1,10,9,8,9,10,8,1,1,1,10,8,9,1,1,1,1,1,1,8,9,9,8,2,9,0,8,1,1,1,1,9,0,8,1,1,1,1
89,2022-12-28T00:00:00,水,10,9,8,9,8,10,9,10,8,8,10,9,10,8,9,9,10,8,9,10,8,9,10,8,2,8,9,2,8,2,2,9,8,9,0,8,8,0,9,8,9,0,0,9,8,0
90,2022-12-29T00:00:00,木,1,1,1,8,10,9,8,9,10,1,1,1,1,1,1,8,9,10,1,1,1,8,9,10,8,9,2,1,1,1,1,1,1,1,1,9,0,8,0,1,1,1,8,0,9,9
91,2022-12-30T00:00:00,金,9,8,10,1,1,1,1,1,1,9,8,10,8,9,10,1,1,1,8,9,10,1,1,1,1,1,1,9,2,8,9,8,0,8,9,1,1,1,1,0,8,9,1,1,1,1
92,2022-12-31T00:00:00,土,,,,,,,,,,,,,,,,,,,,,,,,,,,,,,,,,,,,,,,,,,,,,,
93,2023-01-01T00:00:00,日,,,,,,,,,,,,,,,,,,,,,,,,,,,,,,,,,,,,,,,,,,,,,,
94,2023-01-02T00:00:00,月,,,,,,,,,,,,,,,,,,,,,,,,,,,,,,,,,,,,,,,,,,,,,,
95,2023-01-03T00:00:00,火,,,,,,,,,,,,,,,,,,,,,,,,,,,,,,,,,,,,,,,,,,,,,,
96,2023-01-04T00:00:00,水,,9,8,9,8,,9,,8,8,,9,,8,9,9,,8,9,,8,9,,8,,8,9,,8,,,9,8,9,0,8,8,0,9,8,9,0,0,9,8,0
97,2023-01-05T00:00:00,木,1,1,1,8,,9,8,9,,1,1,1,1,1,1,8,9,,1,1,1,8,9,,8,9,,1,1,1,1,1,1,1,1,9,0,8,0,1,1,1,8,0,9,9
98,2023-01-06T00:00:00,金,9,8,,1,1,1,1,1,1,9,8,,8,9,,1,1,1,8,9,,1,1,1,1,1,1,9,,8,9,8,0,8,9,1,1,1,1,0,8,9,1,1,1,1
99,2023-01-07T00:00:00,土,,,,,,,,,,,,,,,,,,,,,,,,,,,,,,,,,,,,,,,,,,,,,,
100,2023-01-08T00:00:00,日,,,,,,,,,,,,,,,,,,,,,,,,,,,,,,,,,,,,,,,,,,,,,,
101,2023-01-09T00:00:00,月,1,1,1,0,9,8,0,8,9,1,1,1,1,1,1,2,8,9,1,1,1,2,8,9,9,10,8,1,1,1,1,1,1,1,1,10,9,9,8,1,1,1,9,8,10,8
102,2023-01-10T00:00:00,火,8,0,9,1,1,1,1,1,1,0,9,8,9,2,8,1,1,1,2,8,9,1,1,1,1,1,1,8,9,9,8,10,9,10,8,1,1,1,1,9,10,8,1,1,1,1
103,2023-01-11T00:00:00,水,0,9,8,9,8,0,9,0,8,8,0,9,2,8,9,9,2,8,9,2,8,9,2,8,10,8,9,10,8,10,10,9,8,9,10,8,8,10,9,8,9,10,10,9,8,10
104,2023-01-12T00:00:00,木,1,1,1,8,0,9,8,9,0,1,1,1,1,1,1,8,9,2,1,1,1,8,9,2,8,9,10,1,1,1,1,1,1,1,1,9,10,8,10,1,1,1,8,10,9,9
105,2023-01-13T00:00:00,金,9,8,0,1,1,1,1,1,1,9,8,0,8,9,2,1,1,1,8,9,2,1,1,1,1,1,1,9,10,8,9,8,10,8,9,1,1,1,1,10,8,9,1,1,1,1
106,2023-01-14T00:00:00,土,,,,,,,,,,,,,,,,,,,,,,,,,,,,,,,,,,,,,,,,,,,,,,
107,2023-01-15T00:00:00,日,,,,,,,,,,,,,,,,,,,,,,,,,,,,,,,,,,,,,,,,,,,,,,
108,2023-01-16T00:00:00,月,1,1,1,10,9,8,10,8,9,1,1,1,1,1,1,10,8,9,1,1,1,10,8,9,9,0,8,1,1,1,1,1,1,1,1,2,9,9,8,1,1,1,9,8,2,8
109,2023-01-17T00:00:00,火,8,10,9,1,1,1,1,1,1,10,9,8,9,10,8,1,1,1,10,8,9,1,1,1,1,1,1,8,9,9,8,0,9,2,8,1,1,1,1,9,2,8,1,1,1,1
110,2023-01-18T00:00:00,水,10,9,8,9,8,10,9,10,8,8,10,9,10,8,9,9,10,8,9,10,8,9,10,8,0,8,9,0,8,0,0,9,8,9,2,8,8,2,9,8,9,2,2,9,8,2
111,2023-01-19T00:00:00,木,1,1,1,8,10,9,8,9,10,1,1,1,1,1,1,8,9,10,1,1,1,8,9,10,8,9,0,1,1,1,1,1,1,1,1,9,2,8,2,1,1,1,8,2,9,9
112,2023-01-20T00:00:00,金,9,8,10,1,1,1,1,1,1,9,8,10,8,9,10,1,1,1,8,9,10,1,1,1,1,1,1,9,0,8,9,8,2,8,9,1,1,1,1,2,8,9,1,1,1,1
113,2023-01-21T00:00:00,土,,,,,,,,,,,,,,,,,,,,,,,,,,,,,,,,,,,,,,,,,,,,,,
114,2023-01-22T00:00:00,日,,,,,,,,,,,,,,,,,,,,,,,,,,,,,,,,,,,,,,,,,,,,,,
115,2023-01-23T00:00:00,月,1,1,1,2,9,8,2,8,9,1,1,1,1,1,1,0,8,9,1,1,1,0,8,9,9,10,8,1,1,1,1,1,1,1,1,10,9,9,8,1,1,1,9,8,10,8
116,2023-01-24T00:00:00,火,8,2,9,1,1,1,1,1,1,2,9,8,9,0,8,1,1,1,0,8,9,1,1,1,1,1,1,8,9,9,8,10,9,10,8,1,1,1,1,9,10,8,1,1,1,1
117,2023-01-25T00:00:00,水,2,9,8,9,8,2,9,2,8,8,2,9,0,8,9,9,0,8,9,0,8,9,0,8,10,8,9,10,8,10,10,9,8,9,10,8,8,10,9,8,9,10,10,9,8,10
118,2023-01-26T00:00:00,木,1,1,1,8,2,9,8,9,2,1,1,1,1,1,1,8,9,0,1,1,1,8,9,0,8,9,10,1,1,1,1,1,1,1,1,9,10,8,10,1,1,1,8,10,9,9
119,2023-01-27T00:00:00,金,9,8,2,1,1,1,1,1,1,9,8,2,8,9,0,1,1,1,8,9,0,1,1,1,1,1,1,9,10,8,9,8,10,8,9,1,1,1,1,10,8,9,1,1,1,1
120,2023-01-28T00:00:00,土,,,,,,,,,,,,,,,,,,,,,,,,,,,,,,,,,,,,,,,,,,,,,,
121,2023-01-29T00:00:00,日,,,,,,,,,,,,,,,,,,,,,,,,,,,,,,,,,,,,,,,,,,,,,,
122,2023-01-30T00:00:00,月,1,1,1,10,9,8,10,8,9,1,1,1,1,1,1,10,8,9,1,1,1,10,8,9,9,2,8,1,1,1,1,1,1,1,1,0,9,9,8,1,1,1,9,8,0,8
123,2023-01-31T00:00:00,火,8,10,9,1,1,1,1,1,1,10,9,8,9,10,8,1,1,1,10,8,9,1,1,1,1,1,1,8,9,9,8,2,9,0,8,1,1,1,1,9,0,8,1,1,1,1
124,2023-02-01T00:00:00,水,10,9,8,9,8,10,9,10,8,8,10,9,10,8,9,9,10,8,9,10,8,9,10,8,2,8,9,2,8,2,2,9,8,9,0,8,8,0,9,8,9,0,0,9,8,0
125,2023-02-02T00:00:00,木,1,1,1,8,10,9,8,9,10,1,1,1,1,1,1,8,9,10,1,1,1,8,9,10,8,9,2,1,1,1,1,1,1,1,1,9,0,8,0,1,1,1,8,0,9,9
126,2023-02-03T00:00:00,金,9,8,10,1,1,1,1,1,1,9,8,10,8,9,10,1,1,1,8,9,10,1,1,1,1,1,1,9,2,8,9,8,0,8,9,1,1,1,1,0,8,9,1,1,1,1
127,2023-02-04T00:00:00,土,,,,,,,,,,,,,,,,,,,,,,,,,,,,,,,,,,,,,,,,,,,,,,
128,2023-02-05T00:00:00,日,,,,,,,,,,,,,,,,,,,,,,,,,,,,,,,,,,,,,,,,,,,,,,
129,2023-02-06T00:00:00,月,1,1,1,0,9,8,0,8,9,1,1,1,1,1,1,2,8,9,1,1,1,2,8,9,9,10,8,1,1,1,1,1,1,1,1,10,9,9,8,1,1,1,9,8,10,8
130,2023-02-07T00:00:00,火,8,0,9,1,1,1,1,1,1,0,9,8,9,2,8,1,1,1,2,8,9,1,1,1,1,1,1,8,9,9,8,10,9,10,8,1,1,1,1,9,10,8,1,1,1,1
131,2023-02-08T00:00:00,水,0,9,8,9,8,0,9,0,8,8,0,9,2,8,9,9,2,8,9,2,8,9,2,8,10,8,9,10,8,10,10,9,8,9,10,8,8,10,9,8,9,10,10,9,8,10
132,2023-02-09T00:00:00,木,1,1,1,8,0,9,8,9,0,1,1,1,1,1,1,8,9,2,1,1,1,8,9,2,8,9,10,1,1,1,1,1,1,1,1,9,10,8,10,1,1,1,8,10,9,9
133,2023-02-10T00:00:00,金,9,8,0,1,1,1,1,1,1,9,8,0,8,9,2,1,1,1,8,9,2,1,1,1,1,1,1,9,10,8,9,8,10,8,9,1,1,1,1,10,8,9,1,1,1,1
134,2023-02-11T00:00:00,土,,,,,,,,,,,,,,,,,,,,,,,,,,,,,,,,,,,,,,,,,,,,,,
135,2023-02-12T00:00:00,日,,,,,,,,,,,,,,,,,,,,,,,,,,,,,,,,,,,,,,,,,,,,,,
136,2023-02-13T00:00:00,月,1,1,1,10,9,8,10,8,9,1,1,1,1,1,1,10,8,9,1,1,1,10,8,9,9,0,8,1,1,1,1,1,1,1,1,2,9,9,8,1,1,1,9,8,2,8
137,2023-02-14T00:00:00,火,8,10,9,1,1,1,1,1,1,10,9,8,9,10,8,1,1,1,10,8,9,1,1,1,1,1,1,8,9,9,8,0,9,2,8,1,1,1,1,9,2,8,1,1,1,1
138,2023-02-15T00:00:00,水,10,9,8,9,8,10,9,10,8,8,10,9,10,8,9,9,10,8,9,10,8,9,10,8,0,8,9,0,8,0,0,9,8,9,2,8,8,2,9,8,9,2,2,9,8,2
139,2023-02-16T00:00:00,木,1,1,1,8,10,9,8,9,10,1,1,1,1,1,1,8,9,10,1,1,1,8,9,10,8,9,0,1,1,1,1,1,1,1,1,9,2,8,2,1,1,1,8,2,9,9
140,2023-02-17T00:00:00,金,9,8,10,1,1,1,1,1,1,9,8,10,8,9,10,1,1,1,8,9,10,1,1,1,1,1,1,9,0,8,9,8,2,8,9,1,1,1,1,2,8,9,1,1,1,1
141,2023-02-18T00:00:00,土,,,,,,,,,,,,,,,,,,,,,,,,,,,,,,,,,,,,,,,,,,,,,,
142,2023-02-19T00:00:00,日,,,,,,,,,,,,,,,,,,,,,,,,,,,,,,,,,,,,,,,,,,,,,,
143,2023-02-20T00:00:00,月,1,1,1,2,9,8,2,8,9,1,1,1,1,1,1,0,8,9,1,1,1,0,8,9,9,10,8,1,1,1,1,1,1,1,1,10,9,9,8,1,1,1,9,8,10,8
144,2023-02-21T00:00:00,火,8,2,9,1,1,1,1,1,1,2,9,8,9,0,8,1,1,1,0,8,9,1,1,1,1,1,1,8,9,9,8,10,9,10,8,1,1,1,1,9,10,8,1,1,1,1
145,2023-02-22T00:00:00,水,2,9,8,9,8,2,9,2,8,8,2,9,0,8,9,9,0,8,9,0,8,9,0,8,10,8,9,10,8,10,10,9,8,9,10,8,8,10,9,8,9,10,10,9,8,10
146,2023-02-23T00:00:00,木,1,1,1,8,2,9,8,9,2,1,1,1,1,1,1,8,9,0,1,1,1,8,9,0,8,9,10,1,1,1,1,1,1,1,1,9,10,8,10,1,1,1,8,10,9,9
147,2023-02-24T00:00:00,金,9,8,2,1,1,1,1,1,1,9,8,2,8,9,0,1,1,1,8,9,0,1,1,1,1,1,1,9,10,8,9,8,10,8,9,1,1,1,1,10,8,9,1,1,1,1
148,2023-02-25T00:00:00,土,,,,,,,,,,,,,,,,,,,,,,,,,,,,,,,,,,,,,,,,,,,,,,
149,2023-02-26T00:00:00,日,,,,,,,,,,,,,,,,,,,,,,,,,,,,,,,,,,,,,,,,,,,,,,
150,2023-02-27T00:00:00,月,1,1,1,10,9,8,10,8,9,1,1,1,1,1,1,10,8,9,1,1,1,10,8,9,9,2,8,1,1,1,1,1,1,1,1,0,9,9,8,1,1,1,9,8,0,8
151,2023-02-28T00:00:00,火,8,10,9,1,1,1,1,1,1,10,9,8,9,10,8,1,1,1,10,8,9,1,1,1,1,1,1,8,9,9,8,2,9,0,8,1,1,1,1,9,0,8,1,1,1,1
152,2023-03-01T00:00:00,水,10,9,8,9,8,10,9,10,8,8,10,9,10,8,9,9,10,8,9,10,8,9,10,8,2,8,9,2,8,2,2,9,8,9,0,8,8,0,9,8,9,0,0,9,8,0
153,2023-03-02T00:00:00,木,1,1,1,8,10,9,8,9,10,1,1,1,1,1,1,8,9,10,1,1,1,8,9,10,8,9,2,1,1,1,1,1,1,1,1,9,0,8,0,1,1,1,8,0,9,9
154,2023-03-03T00:00:00,金,9,8,10,1,1,1,1,1,1,9,8,10,8,9,10,1,1,1,8,9,10,1,1,1,1,1,1,9,2,8,9,8,0,8,9,1,1,1,1,0,8,9,1,1,1,1
155,2023-03-04T00:00:00,土,,,,,,,,,,,,,,,,,,,,,,,,,,,,,,,,,,,,,,,,,,,,,,
156,2023-03-05T00:00:00,日,,,,,,,,,,,,,,,,,,,,,,,,,,,,,,,,,,,,,,,,,,,,,,
157,2023-03-06T00:00:00,月,1,1,1,0,9,8,0,8,9,1,1,1,1,1,1,2,8,9,1,1,1,2,8,9,9,10,8,1,1,1,1,1,1,1,1,10,9,9,8,1,1,1,9,8,10,8
158,2023-03-07T00:00:00,火,8,0,9,1,1,1,1,1,1,0,9,8,9,2,8,1,1,1,2,8,9,1,1,1,1,1,1,8,9,9,8,10,9,10,8,1,1,1,1,9,10,8,1,1,1,1
159,2023-03-08T00:00:00,水,0,9,8,9,8,0,9,0,8,8,0,9,2,8,9,9,2,8,9,2,8,9,2,8,10,8,9,10,8,10,10,9,8,9,10,8,8,10,9,8,9,10,10,9,8,10
160,2023-03-09T00:00:00,木,1,1,1,8,0,9,8,9,0,1,1,1,1,1,1,8,9,2,1,1,1,8,9,2,8,9,10,1,1,1,1,1,1,1,1,9,10,8,10,1,1,1,8,10,9,9
161,2023-03-10T00:00:00,金,9,8,0,1,1,1,1,1,1,9,8,0,8,9,2,1,1,1,8,9,2,1,1,1,1,1,1,9,10,8,9,8,10,8,9,1,1,1,1,10,8,9,1,1,1,1
162,2023-03-11T00:00:00,土,,,,,,,,,,,,,,,,,,,,,,,,,,,,,,,,,,,,,,,,,,,,,,
163,2023-03-12T00:00:00,日,,,,,,,,,,,,,,,,,,,,,,,,,,,,,,,,,,,,,,,,,,,,,,
164,2023-03-13T00:00:00,月,1,1,1,10,9,8,10,8,9,1,1,1,1,1,1,10,8,9,1,1,1,10,8,9,9,0,8,1,1,1,1,1,1,1,1,2,9,9,8,1,1,1,9,8,2,8
165,2023-03-14T00:00:00,火,8,10,9,1,1,1,1,1,1,10,9,8,9,10,8,1,1,1,10,8,9,1,1,1,1,1,1,8,9,9,8,0,9,2,8,1,1,1,1,9,2,8,1,1,1,1
166,2023-03-15T00:00:00,水,10,9,8,9,8,10,9,10,8,8,10,9,10,8,9,9,10,8,9,10,8,9,10,8,0,8,9,0,8,0,0,9,8,9,2,8,8,2,9,8,9,2,2,9,8,2
167,2023-03-16T00:00:00,木,1,1,1,8,10,9,8,9,10,1,1,1,1,1,1,8,9,10,1,1,1,8,9,10,8,9,0,1,1,1,1,1,1,1,1,9,2,8,2,1,1,1,8,2,9,9
168,2023-03-17T00:00:00,金,9,8,10,1,1,1,1,1,1,9,8,10,8,9,10,1,1,1,8,9,10,1,1,1,1,1,1,9,0,8,9,8,2,8,9,1,1,1,1,2,8,9,1,1,1,1
169,2023-03-18T00:00:00,土,,,,,,,,,,,,,,,,,,,,,,,,,,,,,,,,,,,,,,,,,,,,,,
170,2023-03-19T00:00:00,日,,,,,,,,,,,,,,,,,,,,,,,,,,,,,,,,,,,,,,,,,,,,,,
171,2023-03-20T00:00:00,月,1,1,1,2,9,8,2,8,9,1,1,1,1,1,1,0,8,9,1,1,1,0,8,9,9,10,8,1,1,1,1,1,1,1,1,10,9,9,8,1,1,1,9,8,10,8
172,2023-03-21T00:00:00,火,8,2,9,1,1,1,1,1,1,2,9,8,9,0,8,1,1,1,0,8,9,1,1,1,1,1,1,8,9,9,8,10,9,10,8,1,1,1,1,9,10,8,1,1,1,1
173,2023-03-22T00:00:00,水,2,9,8,9,8,2,9,2,8,8,2,9,0,8,9,9,0,8,9,0,8,9,0,8,10,8,9,10,8,10,10,9,8,9,10,8,8,10,9,8,9,10,10,9,8,10
174,2023-03-23T00:00:00,木,1,1,1,8,2,9,8,9,2,1,1,1,1,1,1,8,9,0,1,1,1,8,9,0,8,9,10,1,1,1,1,1,1,1,1,9,10,8,10,1,1,1,8,10,9,9
175,2023-03-24T00:00:00,金,9,8,2,1,1,1,1,1,1,9,8,2,8,9,0,1,1,1,8,9,0,1,1,1,1,1,1,9,10,8,9,8,10,8,9,1,1,1,1,10,8,9,1,1,1,1
176,2023-03-25T00:00:00,土,,,,,,,,,,,,,,,,,,,,,,,,,,,,,,,,,,,,,,,,,,,,,,
177,2023-03-26T00:00:00,日,,,,,,,,,,,,,,,,,,,,,,,,,,,,,,,,,,,,,,,,,,,,,,
178,2023-03-27T00:00:00,月,1,1,1,10,9,8,10,8,9,1,1,1,1,1,1,10,8,9,1,1,1,10,8,9,9,2,8,1,1,1,1,1,1,1,1,0,9,9,8,1,1,1,9,8,0,8
179,2023-03-28T00:00:00,火,8,10,9,1,1,1,1,1,1,10,9,8,9,10,8,1,1,1,10,8,9,1,1,1,1,1,1,8,9,9,8,2,9,0,8,1,1,1,1,9,0,8,1,1,1,1
180,2023-03-29T00:00:00,水,10,9,8,9,8,10,9,10,8,8,10,9,10,8,9,9,10,8,9,10,8,9,10,8,2,8,9,2,8,2,2,9,8,9,0,8,8,0,9,8,9,0,0,9,8,0
181,2023-03-30T00:00:00,木,1,1,1,8,10,9,8,9,10,1,1,1,1,1,1,8,9,10,1,1,1,8,9,10,8,9,2,1,1,1,1,1,1,1,1,9,0,8,0,1,1,1,8,0,9,9
182,2023-03-31T00:00:00,金,9,8,10,1,1,1,1,1,1,9,8,10,8,9,10,1,1,1,8,9,10,1,1,1,1,1,1,9,2,8,9,8,0,8,9,1,1,1,1,0,8,9,1,1,1,1
183,2023-04-01T00:00:00,土,,,,,,,,,,,,,,,,,,,,,,,,,,,,,,,,,,,,,,,,,,,,,,
184,2023-04-02T00:00:00,日,,,,,,,,,,,,,,,,,,,,,,,,,,,,,,,,,,,,,,,,,,,,,,
185,2023-04-03T00:00:00,月,1,1,1,0,9,8,0,8,9,1,1,1,1,1,1,2,8,9,1,1,1,2,8,9,9,10,8,1,1,1,1,1,1,1,1,10,9,9,8,1,1,1,9,8,10,8
186,2023-04-04T00:00:00,火,8,0,9,1,1,1,1,1,1,0,9,8,9,2,8,1,1,1,2,8,9,1,1,1,1,1,1,8,9,9,8,10,9,10,8,1,1,1,1,9,10,8,1,1,1,1
187,2023-04-05T00:00:00,水,0,9,8,9,8,0,9,0,8,8,0,9,2,8,9,9,2,8,9,2,8,9,2,8,10,8,9,10,8,10,10,9,8,9,10,8,8,10,9,8,9,10,10,9,8,10
188,2023-04-06T00:00:00,木,1,1,1,8,0,9,8,9,0,1,1,1,1,1,1,8,9,2,1,1,1,8,9,2,8,9,10,1,1,1,1,1,1,1,1,9,10,8,10,1,1,1,8,10,9,9
189,2023-04-07T00:00:00,金,9,8,0,1,1,1,1,1,1,9,8,0,8,9,2,1,1,1,8,9,2,1,1,1,1,1,1,9,10,8,9,8,10,8,9,1,1,1,1,10,8,9,1,1,1,1
190,2023-04-08T00:00:00,土,,,,,,,,,,,,,,,,,,,,,,,,,,,,,,,,,,,,,,,,,,,,,,
191,2023-04-09T00:00:00,日,,,,,,,,,,,,,,,,,,,,,,,,,,,,,,,,,,,,,,,,,,,,,,
192,2023-04-10T00:00:00,月,1,1,1,10,9,8,10,8,9,1,1,1,1,1,1,10,8,9,1,1,1,10,8,9,9,0,8,1,1,1,1,1,1,1,1,2,9,9,8,1,1,1,9,8,2,8
193,2023-04-11T00:00:00,火,8,10,9,1,1,1,1,1,1,10,9,8,9,10,8,1,1,1,10,8,9,1,1,1,1,1,1,8,9,9,8,0,9,2,8,1,1,1,1,9,2,8,1,1,1,1
194,2023-04-12T00:00:00,水,10,9,8,9,8,10,9,10,8,8,10,9,10,8,9,9,10,8,9,10,8,9,10,8,0,8,9,0,8,0,0,9,8,9,2,8,8,2,9,8,9,2,2,9,8,2
195,2023-04-13T00:00:00,木,1,1,1,8,10,9,8,9,10,1,1,1,1,1,1,8,9,10,1,1,1,8,9,10,8,9,0,1,1,1,1,1,1,1,1,9,2,8,2,1,1,1,8,2,9,9
196,2023-04-14T00:00:00,金,9,8,10,1,1,1,1,1,1,9,8,10,8,9,10,1,1,1,8,9,10,1,1,1,1,1,1,9,0,8,9,8,2,8,9,1,1,1,1,2,8,9,1,1,1,1
197,2023-04-15T00:00:00,土,,,,,,,,,,,,,,,,,,,,,,,,,,,,,,,,,,,,,,,,,,,,,,
198,2023-04-16T00:00:00,日,,,,,,,,,,,,,,,,,,,,,,,,,,,,,,,,,,,,,,,,,,,,,,
199,2023-04-17T00:00:00,月,1,1,1,2,9,8,2,8,9,1,1,1,1,1,1,0,8,9,1,1,1,0,8,9,9,10,8,1,1,1,1,1,1,1,1,10,9,9,8,1,1,1,9,8,10,8
200,2023-04-18T00:00:00,火,8,2,9,1,1,1,1,1,1,2,9,8,9,0,8,1,1,1,0,8,9,1,1,1,1,1,1,8,9,9,8,10,9,10,8,1,1,1,1,9,10,8,1,1,1,1
201,2023-04-19T00:00:00,水,2,9,8,9,8,2,9,2,8,8,2,9,0,8,9,9,0,8,9,0,8,9,0,8,10,8,9,10,8,10,10,9,8,9,10,8,8,10,9,8,9,10,10,9,8,10
202,2023-04-20T00:00:00,木,1,1,1,8,2,9,8,9,2,1,1,1,1,1,1,8,9,0,1,1,1,8,9,0,8,9,10,1,1,1,1,1,1,1,1,9,10,8,10,1,1,1,8,10,9,9
203,2023-04-21T00:00:00,金,9,8,2,1,1,1,1,1,1,9,8,2,8,9,0,1,1,1,8,9,0,1,1,1,1,1,1,9,10,8,9,8,10,8,9,1,1,1,1,10,8,9,1,1,1,1
204,2023-04-22T00:00:00,土,,,,,,,,,,,,,,,,,,,,,,,,,,,,,,,,,,,,,,,,,,,,,,
205,2023-04-23T00:00:00,日,,,,,,,,,,,,,,,,,,,,,,,,,,,,,,,,,,,,,,,,,,,,,,
206,2023-04-24T00:00:00,月,1,1,1,10,9,8,10,8,9,1,1,1,1,1,1,10,8,9,1,1,1,10,8,9,9,2,8,1,1,1,1,1,1,1,1,0,9,9,8,1,1,1,9,8,0,8
207,2023-04-25T00:00:00,火,8,10,9,1,1,1,1,1,1,10,9,8,9,10,8,1,1,1,10,8,9,1,1,1,1,1,1,8,9,9,8,2,9,0,8,1,1,1,1,9,0,8,1,1,1,1
208,2023-04-26T00:00:00,水,10,9,8,9,8,10,9,10,8,8,10,9,10,8,9,9,10,8,9,10,8,9,10,8,2,8,9,2,8,2,2,9,8,9,0,8,8,0,9,8,9,0,0,9,8,0
209,2023-04-27T00:00:00,木,1,1,1,8,10,9,8,9,10,1,1,1,1,1,1,8,9,10,1,1,1,8,9,10,8,9,2,1,1,1,1,1,1,1,1,9,0,8,0,1,1,1,8,0,9,9
210,2023-04-28T00:00:00,金,9,8,10,1,1,1,1,1,1,9,8,10,8,9,10,1,1,1,8,9,10,1,1,1,1,1,1,9,2,8,9,8,0,8,9,1,1,1,1,0,8,9,1,1,1,1
211,2023-04-29T00:00:00,土,,,,,,,,,,,,,,,,,,,,,,,,,,,,,,,,,,,,,,,,,,,,,,
212,2023-04-30T00:00:00,日,,,,,,,,,,,,,,,,,,,,,,,,,,,,,,,,,,,,,,,,,,,,,,
213,2023-05-01T00:00:00,月,1,1,1,11,9,8,11,8,9,1,1,1,1,1,1,2,8,9,1,1,1,2,8,9,9,10,8,1,1,1,1,1,1,1,1,10,9,9,8,1,1,1,9,8,10,8
214,2023-05-02T00:00:00,火,8,11,9,1,1,1,1,1,1,11,9,8,9,2,8,1,1,1,2,8,9,1,1,1,1,1,1,8,9,9,8,10,9,10,8,1,1,1,1,9,10,8,1,1,1,1
215,2023-05-03T00:00:00,水,11,9,8,9,8,11,9,11,8,8,11,9,2,8,9,9,2,8,9,2,8,9,2,8,10,8,9,10,8,10,10,9,8,9,10,8,8,10,9,8,9,10,10,9,8,10
216,2023-05-04T00:00:00,木,1,1,1,8,11,9,8,9,11,1,1,1,1,1,1,8,9,2,1,1,1,8,9,2,8,9,10,1,1,1,1,1,1,1,1,9,10,8,10,1,1,1,8,10,9,9
217,2023-05-05T00:00:00,金,9,8,11,1,1,1,1,1,1,9,8,11,8,9,2,1,1,1,8,9,2,1,1,1,1,1,1,9,10,8,9,8,10,8,9,1,1,1,1,10,8,9,1,1,1,1
218,2023-05-06T00:00:00,土,,,,,,,,,,,,,,,,,,,,,,,,,,,,,,,,,,,,,,,,,,,,,,
219,2023-05-07T00:00:00,日,,,,,,,,,,,,,,,,,,,,,,,,,,,,,,,,,,,,,,,,,,,,,,
220,2023-05-08T00:00:00,月,1,1,1,10,9,8,10,8,9,1,1,1,1,1,1,10,8,9,1,1,1,10,8,9,9,11,8,1,1,1,1,1,1,1,1,2,9,9,8,1,1,1,9,8,2,8
221,2023-05-09T00:00:00,火,8,10,9,1,1,1,1,1,1,10,9,8,9,10,8,1,1,1,10,8,9,1,1,1,1,1,1,8,9,9,8,11,9,2,8,1,1,1,1,9,2,8,1,1,1,1
222,2023-05-10T00:00:00,水,10,9,8,9,8,10,9,10,8,8,10,9,10,8,9,9,10,8,9,10,8,9,10,8,11,8,9,11,8,11,11,9,8,9,2,8,8,2,9,8,9,2,2,9,8,2
223,2023-05-11T00:00:00,木,1,1,1,8,10,9,8,9,10,1,1,1,1,1,1,8,9,10,1,1,1,8,9,10,8,9,11,1,1,1,1,1,1,1,1,9,2,8,2,1,1,1,8,2,9,9
224,2023-05-12T00:00:00,金,9,8,10,1,1,1,1,1,1,9,8,10,8,9,10,1,1,1,8,9,10,1,1,1,1,1,1,9,11,8,9,8,2,8,9,1,1,1,1,2,8,9,1,1,1,1
225,2023-05-13T00:00:00,土,,,,,,,,,,,,,,,,,,,,,,,,,,,,,,,,,,,,,,,,,,,,,,
226,2023-05-14T00:00:00,日,,,,,,,,,,,,,,,,,,,,,,,,,,,,,,,,,,,,,,,,,,,,,,
227,2023-05-15T00:00:00,月,1,1,1,2,9,8,2,8,9,1,1,1,1,1,1,11,8,9,1,1,1,11,8,9,9,10,8,1,1,1,1,1,1,1,1,10,9,9,8,1,1,1,9,8,10,8
228,2023-05-16T00:00:00,火,8,2,9,1,1,1,1,1,1,2,9,8,9,11,8,1,1,1,11,8,9,1,1,1,1,1,1,8,9,9,8,10,9,10,8,1,1,1,1,9,10,8,1,1,1,1
229,2023-05-17T00:00:00,水,2,9,8,9,8,2,9,2,8,8,2,9,11,8,9,9,11,8,9,11,8,9,11,8,10,8,9,10,8,10,10,9,8,9,10,8,8,10,9,8,9,10,10,9,8,10
230,2023-05-18T00:00:00,木,1,1,1,8,2,9,8,9,2,1,1,1,1,1,1,8,9,11,1,1,1,8,9,11,8,9,10,1,1,1,1,1,1,1,1,9,10,8,10,1,1,1,8,10,9,9
231,2023-05-19T00:00:00,金,9,8,2,1,1,1,1,1,1,9,8,2,8,9,11,1,1,1,8,9,11,1,1,1,1,1,1,9,10,8,9,8,10,8,9,1,1,1,1,10,8,9,1,1,1,1
232,2023-05-20T00:00:00,土,,,,,,,,,,,,,,,,,,,,,,,,,,,,,,,,,,,,,,,,,,,,,,
233,2023-05-21T00:00:00,日,,,,,,,,,,,,,,,,,,,,,,,,,,,,,,,,,,,,,,,,,,,,,,
234,2023-05-22T00:00:00,月,1,1,1,10,9,8,10,8,9,1,1,1,1,1,1,10,8,9,1,1,1,10,8,9,9,2,8,1,1,1,1,1,1,1,1,11,9,9,8,1,1,1,9,8,11,8
235,2023-05-23T00:00:00,火,8,10,9,1,1,1,1,1,1,10,9,8,9,10,8,1,1,1,10,8,9,1,1,1,1,1,1,8,9,9,8,2,9,11,8,1,1,1,1,9,11,8,1,1,1,1
236,2023-05-24T00:00:00,水,10,9,8,9,8,10,9,10,8,8,10,9,10,8,9,9,10,8,9,10,8,9,10,8,2,8,9,2,8,2,2,9,8,9,11,8,8,11,9,8,9,11,11,9,8,11
237,2023-05-25T00:00:00,木,1,1,1,8,10,9,8,9,10,1,1,1,1,1,1,8,9,10,1,1,1,8,9,10,8,9,2,1,1,1,1,1,1,1,1,9,11,8,11,1,1,1,8,11,9,9
238,2023-05-26T00:00:00,金,9,8,10,1,1,1,1,1,1,9,8,10,8,9,10,1,1,1,8,9,10,1,1,1,1,1,1,9,2,8,9,8,11,8,9,1,1,1,1,11,8,9,1,1,1,1
239,2023-05-27T00:00:00,土,,,,,,,,,,,,,,,,,,,,,,,,,,,,,,,,,,,,,,,,,,,,,,
240,2023-05-28T00:00:00,日,,,,,,,,,,,,,,,,,,,,,,,,,,,,,,,,,,,,,,,,,,,,,,
241,2023-05-29T00:00:00,月,1,1,1,11,9,8,11,8,9,1,1,1,1,1,1,2,8,9,1,1,1,2,8,9,9,10,8,1,1,1,1,1,1,1,1,10,9,9,8,1,1,1,9,8,10,8
242,2023-05-30T00:00:00,火,8,11,9,1,1,1,1,1,1,11,9,8,9,2,8,1,1,1,2,8,9,1,1,1,1,1,1,8,9,9,8,10,9,10,8,1,1,1,1,9,10,8,1,1,1,1
243,2023-05-31T00:00:00,水,11,9,8,9,8,11,9,11,8,8,11,9,2,8,9,9,2,8,9,2,8,9,2,8,10,8,9,10,8,10,10,9,8,9,10,8,8,10,9,8,9,10,10,9,8,10
244,2023-06-01T00:00:00,木,1,1,1,8,11,9,8,9,11,1,1,1,1,1,1,8,9,2,1,1,1,8,9,2,8,9,10,1,1,1,1,1,1,1,1,9,10,8,10,1,1,1,8,10,9,9
245,2023-06-02T00:00:00,金,9,8,11,1,1,1,1,1,1,9,8,11,8,9,2,1,1,1,8,9,2,1,1,1,1,1,1,9,10,8,9,8,10,8,9,1,1,1,1,10,8,9,1,1,1,1
246,2023-06-03T00:00:00,土,,,,,,,,,,,,,,,,,,,,,,,,,,,,,,,,,,,,,,,,,,,,,,
247,2023-06-04T00:00:00,日,,,,,,,,,,,,,,,,,,,,,,,,,,,,,,,,,,,,,,,,,,,,,,
248,2023-06-05T00:00:00,月,1,1,1,10,9,8,10,8,9,1,1,1,1,1,1,10,8,9,1,1,1,10,8,9,9,11,8,1,1,1,1,1,1,1,1,2,9,9,8,1,1,1,9,8,2,8
249,2023-06-06T00:00:00,火,8,10,9,1,1,1,1,1,1,10,9,8,9,10,8,1,1,1,10,8,9,1,1,1,1,1,1,8,9,9,8,11,9,2,8,1,1,1,1,9,2,8,1,1,1,1
250,2023-06-07T00:00:00,水,10,9,8,9,8,10,9,10,8,8,10,9,10,8,9,9,10,8,9,10,8,9,10,8,11,8,9,11,8,11,11,9,8,9,2,8,8,2,9,8,9,2,2,9,8,2
251,2023-06-08T00:00:00,木,1,1,1,8,10,9,8,9,10,1,1,1,1,1,1,8,9,10,1,1,1,8,9,10,8,9,11,1,1,1,1,1,1,1,1,9,2,8,2,1,1,1,8,2,9,9
252,2023-06-09T00:00:00,金,9,8,10,1,1,1,1,1,1,9,8,10,8,9,10,1,1,1,8,9,10,1,1,1,1,1,1,9,11,8,9,8,2,8,9,1,1,1,1,2,8,9,1,1,1,1
253,2023-06-10T00:00:00,土,,,,,,,,,,,,,,,,,,,,,,,,,,,,,,,,,,,,,,,,,,,,,,
254,2023-06-11T00:00:00,日,,,,,,,,,,,,,,,,,,,,,,,,,,,,,,,,,,,,,,,,,,,,,,
255,2023-06-12T00:00:00,月,1,1,1,2,9,8,2,8,9,1,1,1,1,1,1,11,8,9,1,1,1,11,8,9,9,10,8,1,1,1,1,1,1,1,1,10,9,9,8,1,1,1,9,8,10,8
256,2023-06-13T00:00:00,火,8,2,9,1,1,1,1,1,1,2,9,8,9,11,8,1,1,1,11,8,9,1,1,1,1,1,1,8,9,9,8,10,9,10,8,1,1,1,1,9,10,8,1,1,1,1
257,2023-06-14T00:00:00,水,2,9,8,9,8,2,9,2,8,8,2,9,11,8,9,9,11,8,9,11,8,9,11,8,10,8,9,10,8,10,10,9,8,9,10,8,8,10,9,8,9,10,10,9,8,10
258,2023-06-15T00:00:00,木,1,1,1,8,2,9,8,9,2,1,1,1,1,1,1,8,9,11,1,1,1,8,9,11,8,9,10,1,1,1,1,1,1,1,1,9,10,8,10,1,1,1,8,10,9,9
259,2023-06-16T00:00:00,金,9,8,2,1,1,1,1,1,1,9,8,2,8,9,11,1,1,1,8,9,11,1,1,1,1,1,1,9,10,8,9,8,10,8,9,1,1,1,1,10,8,9,1,1,1,1
260,2023-06-17T00:00:00,土,,,,,,,,,,,,,,,,,,,,,,,,,,,,,,,,,,,,,,,,,,,,,,
261,2023-06-18T00:00:00,日,,,,,,,,,,,,,,,,,,,,,,,,,,,,,,,,,,,,,,,,,,,,,,
262,2023-06-19T00:00:00,月,1,1,1,10,9,8,10,8,9,1,1,1,1,1,1,10,8,9,1,1,1,10,8,9,9,2,8,1,1,1,1,1,1,1,1,11,9,9,8,1,1,1,9,8,11,8
263,2023-06-20T00:00:00,火,8,10,9,1,1,1,1,1,1,10,9,8,9,10,8,1,1,1,10,8,9,1,1,1,1,1,1,8,9,9,8,2,9,11,8,1,1,1,1,9,11,8,1,1,1,1
264,2023-06-21T00:00:00,水,10,9,8,9,8,10,9,10,8,8,10,9,10,8,9,9,10,8,9,10,8,9,10,8,2,8,9,2,8,2,2,9,8,9,11,8,8,11,9,8,9,11,11,9,8,11
265,2023-06-22T00:00:00,木,1,1,1,8,10,9,8,9,10,1,1,1,1,1,1,8,9,10,1,1,1,8,9,10,8,9,2,1,1,1,1,1,1,1,1,9,11,8,11,1,1,1,8,11,9,9
266,2023-06-23T00:00:00,金,9,8,10,1,1,1,1,1,1,9,8,10,8,9,10,1,1,1,8,9,10,1,1,1,1,1,1,9,2,8,9,8,11,8,9,1,1,1,1,11,8,9,1,1,1,1
267,2023-06-24T00:00:00,土,,,,,,,,,,,,,,,,,,,,,,,,,,,,,,,,,,,,,,,,,,,,,,
268,2023-06-25T00:00:00,日,,,,,,,,,,,,,,,,,,,,,,,,,,,,,,,,,,,,,,,,,,,,,,
269,2023-06-26T00:00:00,月,1,1,1,11,9,8,11,8,9,1,1,1,1,1,1,2,8,9,1,1,1,2,8,9,9,10,8,1,1,1,1,1,1,1,1,10,9,9,8,1,1,1,9,8,10,8
270,2023-06-27T00:00:00,火,8,11,9,1,1,1,1,1,1,11,9,8,9,2,8,1,1,1,2,8,9,1,1,1,1,1,1,8,9,9,8,10,9,10,8,1,1,1,1,9,10,8,1,1,1,1
271,2023-06-28T00:00:00,水,11,9,8,9,8,11,9,11,8,8,11,9,2,8,9,9,2,8,9,2,8,9,2,8,10,8,9,10,8,10,10,9,8,9,10,8,8,10,9,8,9,10,10,9,8,10
272,2023-06-29T00:00:00,木,1,1,1,8,11,9,8,9,11,1,1,1,1,1,1,8,9,2,1,1,1,8,9,2,8,9,10,1,1,1,1,1,1,1,1,9,10,8,10,1,1,1,8,10,9,9
273,2023-06-30T00:00:00,金,9,8,11,1,1,1,1,1,1,9,8,11,8,9,2,1,1,1,8,9,2,1,1,1,1,1,1,9,10,8,9,8,10,8,9,1,1,1,1,10,8,9,1,1,1,1
274,2023-07-01T00:00:00,土,,,,,,,,,,,,,,,,,,,,,,,,,,,,,,,,,,,,,,,,,,,,,,
275,2023-07-02T00:00:00,日,,,,,,,,,,,,,,,,,,,,,,,,,,,,,,,,,,,,,,,,,,,,,,
276,2023-07-03T00:00:00,月,1,1,1,10,9,8,10,8,9,1,1,1,1,1,1,10,8,9,1,1,1,10,8,9,9,11,8,1,1,1,1,1,1,1,1,2,9,9,8,1,1,1,9,8,2,8
277,2023-07-04T00:00:00,火,8,10,9,1,1,1,1,1,1,10,9,8,9,10,8,1,1,1,10,8,9,1,1,1,1,1,1,8,9,9,8,11,9,2,8,1,1,1,1,9,2,8,1,1,1,1
278,2023-07-05T00:00:00,水,10,9,8,9,8,10,9,10,8,8,10,9,10,8,9,9,10,8,9,10,8,9,10,8,11,8,9,11,8,11,11,9,8,9,2,8,8,2,9,8,9,2,2,9,8,2
279,2023-07-06T00:00:00,木,1,1,1,8,10,9,8,9,10,1,1,1,1,1,1,8,9,10,1,1,1,8,9,10,8,9,11,1,1,1,1,1,1,1,1,9,2,8,2,1,1,1,8,2,9,9
280,2023-07-07T00:00:00,金,9,8,10,1,1,1,1,1,1,9,8,10,8,9,10,1,1,1,8,9,10,1,1,1,1,1,1,9,11,8,9,8,2,8,9,1,1,1,1,2,8,9,1,1,1,1
281,2023-07-08T00:00:00,土,,,,,,,,,,,,,,,,,,,,,,,,,,,,,,,,,,,,,,,,,,,,,,
282,2023-07-09T00:00:00,日,,,,,,,,,,,,,,,,,,,,,,,,,,,,,,,,,,,,,,,,,,,,,,
283,2023-07-10T00:00:00,月,1,1,1,2,9,8,2,8,9,1,1,1,1,1,1,11,8,9,1,1,1,11,8,9,9,10,8,1,1,1,1,1,1,1,1,10,9,9,8,1,1,1,9,8,10,8
284,2023-07-11T00:00:00,火,8,2,9,1,1,1,1,1,1,2,9,8,9,11,8,1,1,1,11,8,9,1,1,1,1,1,1,8,9,9,8,10,9,10,8,1,1,1,1,9,10,8,1,1,1,1
285,2023-07-12T00:00:00,水,2,9,8,9,8,2,9,2,8,8,2,9,11,8,9,9,11,8,9,11,8,9,11,8,10,8,9,10,8,10,10,9,8,9,10,8,8,10,9,8,9,10,10,9,8,10
286,2023-07-13T00:00:00,木,1,1,1,8,2,9,8,9,2,1,1,1,1,1,1,8,9,11,1,1,1,8,9,11,8,9,10,1,1,1,1,1,1,1,1,9,10,8,10,1,1,1,8,10,9,9
287,2023-07-14T00:00:00,金,9,8,2,1,1,1,1,1,1,9,8,2,8,9,11,1,1,1,8,9,11,1,1,1,1,1,1,9,10,8,9,8,10,8,9,1,1,1,1,10,8,9,1,1,1,1
288,2023-07-15T00:00:00,土,,,,,,,,,,,,,,,,,,,,,,,,,,,,,,,,,,,,,,,,,,,,,,
289,2023-07-16T00:00:00,日,,,,,,,,,,,,,,,,,,,,,,,,,,,,,,,,,,,,,,,,,,,,,,
290,2023-07-17T00:00:00,月,1,1,1,10,9,8,10,8,9,1,1,1,1,1,1,10,8,9,1,1,1,10,8,9,9,2,8,1,1,1,1,1,1,1,1,11,9,9,8,1,1,1,9,8,11,8
291,2023-07-18T00:00:00,火,8,10,9,1,1,1,1,1,1,10,9,8,9,10,8,1,1,1,10,8,9,1,1,1,1,1,1,8,9,9,8,2,9,11,8,1,1,1,1,9,11,8,1,1,1,1
292,2023-07-19T00:00:00,水,10,9,8,9,8,10,9,10,8,8,10,9,10,8,9,9,10,8,9,10,8,9,10,8,2,8,9,2,8,2,2,9,8,9,11,8,8,11,9,8,9,11,11,9,8,11
293,2023-07-20T00:00:00,木,1,1,1,8,10,9,8,9,10,1,1,1,1,1,1,8,9,10,1,1,1,8,9,10,8,9,2,1,1,1,1,1,1,1,1,9,11,8,11,1,1,1,8,11,9,9
294,2023-07-21T00:00:00,金,9,8,10,1,1,1,1,1,1,9,8,10,8,9,10,1,1,1,8,9,10,1,1,1,1,1,1,9,2,8,9,8,11,8,9,1,1,1,1,11,8,9,1,1,1,1
295,2023-07-22T00:00:00,土,,,,,,,,,,,,,,,,,,,,,,,,,,,,,,,,,,,,,,,,,,,,,,
296,2023-07-23T00:00:00,日,,,,,,,,,,,,,,,,,,,,,,,,,,,,,,,,,,,,,,,,,,,,,,
297,2023-07-24T00:00:00,月,1,1,1,11,9,8,11,8,9,1,1,1,1,1,1,2,8,9,1,1,1,2,8,9,9,10,8,1,1,1,1,1,1,1,1,10,9,9,8,1,1,1,9,8,10,8
298,2023-07-25T00:00:00,火,8,11,9,1,1,1,1,1,1,11,9,8,9,2,8,1,1,1,2,8,9,1,1,1,1,1,1,8,9,9,8,10,9,10,8,1,1,1,1,9,10,8,1,1,1,1
299,2023-07-26T00:00:00,水,11,9,8,9,8,11,9,11,8,8,11,9,2,8,9,9,2,8,9,2,8,9,2,8,10,8,9,10,8,10,10,9,8,9,10,8,8,10,9,8,9,10,10,9,8,10
300,2023-07-27T00:00:00,木,1,1,1,8,11,9,8,9,11,1,1,1,1,1,1,8,9,2,1,1,1,8,9,2,8,9,10,1,1,1,1,1,1,1,1,9,10,8,10,1,1,1,8,10,9,9
301,2023-07-28T00:00:00,金,9,8,11,1,1,1,1,1,1,9,8,11,8,9,2,1,1,1,8,9,2,1,1,1,1,1,1,9,10,8,9,8,10,8,9,1,1,1,1,10,8,9,1,1,1,1
302,2023-07-29T00:00:00,土,,,,,,,,,,,,,,,,,,,,,,,,,,,,,,,,,,,,,,,,,,,,,,
303,2023-07-30T00:00:00,日,,,,,,,,,,,,,,,,,,,,,,,,,,,,,,,,,,,,,,,,,,,,,,
304,2023-07-31T00:00:00,月,1,1,1,10,9,8,10,8,9,1,1,1,1,1,1,10,8,9,1,1,1,10,8,9,9,11,8,1,1,1,1,1,1,1,1,2,9,9,8,1,1,1,9,8,2,8
305,2023-08-01T00:00:00,火,8,10,9,1,1,1,1,1,1,10,9,8,9,10,8,1,1,1,10,8,9,1,1,1,1,1,1,8,9,9,8,11,9,2,8,1,1,1,1,9,2,8,1,1,1,1
306,2023-08-02T00:00:00,水,10,9,8,9,8,10,9,10,8,8,10,9,10,8,9,9,10,8,9,10,8,9,10,8,11,8,9,11,8,11,11,9,8,9,2,8,8,2,9,8,9,2,2,9,8,2
307,2023-08-03T00:00:00,木,1,1,1,8,10,9,8,9,10,1,1,1,1,1,1,8,9,10,1,1,1,8,9,10,8,9,11,1,1,1,1,1,1,1,1,9,2,8,2,1,1,1,8,2,9,9
308,2023-08-04T00:00:00,金,9,8,10,1,1,1,1,1,1,9,8,10,8,9,10,1,1,1,8,9,10,1,1,1,1,1,1,9,11,8,9,8,2,8,9,1,1,1,1,2,8,9,1,1,1,1
309,2023-08-05T00:00:00,土,,,,,,,,,,,,,,,,,,,,,,,,,,,,,,,,,,,,,,,,,,,,,,
310,2023-08-06T00:00:00,日,,,,,,,,,,,,,,,,,,,,,,,,,,,,,,,,,,,,,,,,,,,,,,
311,2023-08-07T00:00:00,月,1,1,1,2,9,8,2,8,9,1,1,1,1,1,1,11,8,9,1,1,1,11,8,9,9,10,8,1,1,1,1,1,1,1,1,10,9,9,8,1,1,1,9,8,10,8
312,2023-08-08T00:00:00,火,8,2,9,1,1,1,1,1,1,2,9,8,9,11,8,1,1,1,11,8,9,1,1,1,1,1,1,8,9,9,8,10,9,10,8,1,1,1,1,9,10,8,1,1,1,1
313,2023-08-09T00:00:00,水,2,9,8,9,8,2,9,2,8,8,2,9,11,8,9,9,11,8,9,11,8,9,11,8,10,8,9,10,8,10,10,9,8,9,10,8,8,10,9,8,9,10,10,9,8,10
314,2023-08-10T00:00:00,木,1,1,1,8,2,9,8,9,2,1,1,1,1,1,1,8,9,11,1,1,1,8,9,11,8,9,10,1,1,1,1,1,1,1,1,9,10,8,10,1,1,1,8,10,9,9
315,2023-08-11T00:00:00,金,9,8,2,1,1,1,1,1,1,9,8,2,8,9,11,1,1,1,8,9,11,1,1,1,1,1,1,9,10,8,9,8,10,8,9,1,1,1,1,10,8,9,1,1,1,1
316,2023-08-12T00:00:00,土,,,,,,,,,,,,,,,,,,,,,,,,,,,,,,,,,,,,,,,,,,,,,,
317,2023-08-13T00:00:00,日,,,,,,,,,,,,,,,,,,,,,,,,,,,,,,,,,,,,,,,,,,,,,,
318,2023-08-14T00:00:00,月,1,1,1,10,9,8,10,8,9,1,1,1,1,1,1,10,8,9,1,1,1,10,8,9,9,2,8,1,1,1,1,1,1,1,1,11,9,9,8,1,1,1,9,8,11,8
319,2023-08-15T00:00:00,火,8,10,9,1,1,1,1,1,1,10,9,8,9,10,8,1,1,1,10,8,9,1,1,1,1,1,1,8,9,9,8,2,9,11,8,1,1,1,1,9,11,8,1,1,1,1
320,2023-08-16T00:00:00,水,10,9,8,9,8,10,9,10,8,8,10,9,10,8,9,9,10,8,9,10,8,9,10,8,2,8,9,2,8,2,2,9,8,9,11,8,8,11,9,8,9,11,11,9,8,11
321,2023-08-17T00:00:00,木,1,1,1,8,10,9,8,9,10,1,1,1,1,1,1,8,9,10,1,1,1,8,9,10,8,9,2,1,1,1,1,1,1,1,1,9,11,8,11,1,1,1,8,11,9,9
322,2023-08-18T00:00:00,金,9,8,10,1,1,1,1,1,1,9,8,10,8,9,10,1,1,1,8,9,10,1,1,1,1,1,1,9,2,8,9,8,11,8,9,1,1,1,1,11,8,9,1,1,1,1
323,2023-08-19T00:00:00,土,,,,,,,,,,,,,,,,,,,,,,,,,,,,,,,,,,,,,,,,,,,,,,
324,2023-08-20T00:00:00,日,,,,,,,,,,,,,,,,,,,,,,,,,,,,,,,,,,,,,,,,,,,,,,
325,2023-08-21T00:00:00,月,1,1,1,11,9,8,11,8,9,1,1,1,1,1,1,2,8,9,1,1,1,2,8,9,9,10,8,1,1,1,1,1,1,1,1,10,9,9,8,1,1,1,9,8,10,8
326,2023-08-22T00:00:00,火,8,11,9,1,1,1,1,1,1,11,9,8,9,2,8,1,1,1,2,8,9,1,1,1,1,1,1,8,9,9,8,10,9,10,8,1,1,1,1,9,10,8,1,1,1,1
327,2023-08-23T00:00:00,水,11,9,8,9,8,11,9,11,8,8,11,9,2,8,9,9,2,8,9,2,8,9,2,8,10,8,9,10,8,10,10,9,8,9,10,8,8,10,9,8,9,10,10,9,8,10
328,2023-08-24T00:00:00,木,1,1,1,8,11,9,8,9,11,1,1,1,1,1,1,8,9,2,1,1,1,8,9,2,8,9,10,1,1,1,1,1,1,1,1,9,10,8,10,1,1,1,8,10,9,9
329,2023-08-25T00:00:00,金,9,8,11,1,1,1,1,1,1,9,8,11,8,9,2,1,1,1,8,9,2,1,1,1,1,1,1,9,10,8,9,8,10,8,9,1,1,1,1,10,8,9,1,1,1,1
330,2023-08-26T00:00:00,土,,,,,,,,,,,,,,,,,,,,,,,,,,,,,,,,,,,,,,,,,,,,,,
331,2023-08-27T00:00:00,日,,,,,,,,,,,,,,,,,,,,,,,,,,,,,,,,,,,,,,,,,,,,,,
332,2023-08-28T00:00:00,月,1,1,1,10,9,8,10,8,9,1,1,1,1,1,1,10,8,9,1,1,1,10,8,9,9,11,8,1,1,1,1,1,1,1,1,2,9,9,8,1,1,1,9,8,2,8
333,2023-08-29T00:00:00,火,8,10,9,1,1,1,1,1,1,10,9,8,9,10,8,1,1,1,10,8,9,1,1,1,1,1,1,8,9,9,8,11,9,2,8,1,1,1,1,9,2,8,1,1,1,1
334,2023-08-30T00:00:00,水,10,9,8,9,8,10,9,10,8,8,10,9,10,8,9,9,10,8,9,10,8,9,10,8,11,8,9,11,8,11,11,9,8,9,2,8,8,2,9,8,9,2,2,9,8,2
335,2023-08-31T00:00:00,木,1,1,1,8,10,9,8,9,10,1,1,1,1,1,1,8,9,10,1,1,1,8,9,10,8,9,11,1,1,1,1,1,1,1,1,9,2,8,2,1,1,1,8,2,9,9
336,2023-09-01T00:00:00,金,9,8,10,1,1,1,1,1,1,9,8,10,8,9,10,1,1,1,8,9,10,1,1,1,1,1,1,9,11,8,9,8,2,8,9,1,1,1,1,2,8,9,1,1,1,1
337,2023-09-02T00:00:00,土,,,,,,,,,,,,,,,,,,,,,,,,,,,,,,,,,,,,,,,,,,,,,,
338,2023-09-03T00:00:00,日,,,,,,,,,,,,,,,,,,,,,,,,,,,,,,,,,,,,,,,,,,,,,,
339,2023-09-04T00:00:00,月,1,1,1,2,9,8,2,8,9,1,1,1,1,1,1,11,8,9,1,1,1,11,8,9,9,10,8,1,1,1,1,1,1,1,1,10,9,9,8,1,1,1,9,8,10,8
340,2023-09-05T00:00:00,火,8,2,9,1,1,1,1,1,1,2,9,8,9,11,8,1,1,1,11,8,9,1,1,1,1,1,1,8,9,9,8,10,9,10,8,1,1,1,1,9,10,8,1,1,1,1
341,2023-09-06T00:00:00,水,2,9,8,9,8,2,9,2,8,8,2,9,11,8,9,9,11,8,9,11,8,9,11,8,10,8,9,10,8,10,10,9,8,9,10,8,8,10,9,8,9,10,10,9,8,10
342,2023-09-07T00:00:00,木,1,1,1,8,2,9,8,9,2,1,1,1,1,1,1,8,9,11,1,1,1,8,9,11,8,9,10,1,1,1,1,1,1,1,1,9,10,8,10,1,1,1,8,10,9,9
343,2023-09-08T00:00:00,金,9,8,2,1,1,1,1,1,1,9,8,2,8,9,11,1,1,1,8,9,11,1,1,1,1,1,1,9,10,8,9,8,10,8,9,1,1,1,1,10,8,9,1,1,1,1
344,2023-09-09T00:00:00,土,,,,,,,,,,,,,,,,,,,,,,,,,,,,,,,,,,,,,,,,,,,,,,
345,2023-09-10T00:00:00,日,,,,,,,,,,,,,,,,,,,,,,,,,,,,,,,,,,,,,,,,,,,,,,
346,2023-09-11T00:00:00,月,1,1,1,10,9,8,10,8,9,1,1,1,1,1,1,10,8,9,1,1,1,10,8,9,9,2,8,1,1,1,1,1,1,1,1,11,9,9,8,1,1,1,9,8,11,8
347,2023-09-12T00:00:00,火,8,10,9,1,1,1,1,1,1,10,9,8,9,10,8,1,1,1,10,8,9,1,1,1,1,1,1,8,9,9,8,2,9,11,8,1,1,1,1,9,11,8,1,1,1,1
348,2023-09-13T00:00:00,水,10,9,8,9,8,10,9,10,8,8,10,9,10,8,9,9,10,8,9,10,8,9,10,8,2,8,9,2,8,2,2,9,8,9,11,8,8,11,9,8,9,11,11,9,8,11
349,2023-09-14T00:00:00,木,1,1,1,8,10,9,8,9,10,1,1,1,1,1,1,8,9,10,1,1,1,8,9,10,8,9,2,1,1,1,1,1,1,1,1,9,11,8,11,1,1,1,8,11,9,9
350,2023-09-15T00:00:00,金,9,8,10,1,1,1,1,1,1,9,8,10,8,9,10,1,1,1,8,9,10,1,1,1,1,1,1,9,2,8,9,8,11,8,9,1,1,1,1,11,8,9,1,1,1,1
351,2023-09-16T00:00:00,土,,,,,,,,,,,,,,,,,,,,,,,,,,,,,,,,,,,,,,,,,,,,,,
352,2023-09-17T00:00:00,日,,,,,,,,,,,,,,,,,,,,,,,,,,,,,,,,,,,,,,,,,,,,,,
353,2023-09-18T00:00:00,月,1,1,1,11,9,8,11,8,9,1,1,1,1,1,1,2,8,9,1,1,1,2,8,9,9,10,8,1,1,1,1,1,1,1,1,10,9,9,8,1,1,1,9,8,10,8
354,2023-09-19T00:00:00,火,8,11,9,1,1,1,1,1,1,11,9,8,9,2,8,1,1,1,2,8,9,1,1,1,1,1,1,8,9,9,8,10,9,10,8,1,1,1,1,9,10,8,1,1,1,1
355,2023-09-20T00:00:00,水,11,9,8,9,8,11,9,11,8,8,11,9,2,8,9,9,2,8,9,2,8,9,2,8,10,8,9,10,8,10,10,9,8,9,10,8,8,10,9,8,9,10,10,9,8,10
356,2023-09-21T00:00:00,木,1,1,1,8,11,9,8,9,11,1,1,1,1,1,1,8,9,2,1,1,1,8,9,2,8,9,10,1,1,1,1,1,1,1,1,9,10,8,10,1,1,1,8,10,9,9
357,2023-09-22T00:00:00,金,9,8,11,1,1,1,1,1,1,9,8,11,8,9,2,1,1,1,8,9,2,1,1,1,1,1,1,9,10,8,9,8,10,8,9,1,1,1,1,10,8,9,1,1,1,1
358,2023-09-23T00:00:00,土,,,,,,,,,,,,,,,,,,,,,,,,,,,,,,,,,,,,,,,,,,,,,,
359,2023-09-24T00:00:00,日,,,,,,,,,,,,,,,,,,,,,,,,,,,,,,,,,,,,,,,,,,,,,,
360,2023-09-25T00:00:00,月,1,1,1,10,9,8,10,8,9,1,1,1,1,1,1,10,8,9,1,1,1,10,8,9,9,11,8,1,1,1,1,1,1,1,1,2,9,9,8,1,1,1,9,8,2,8
361,2023-09-26T00:00:00,火,8,10,9,1,1,1,1,1,1,10,9,8,9,10,8,1,1,1,10,8,9,1,1,1,1,1,1,8,9,9,8,11,9,2,8,1,1,1,1,9,2,8,1,1,1,1
362,2023-09-27T00:00:00,水,10,9,8,9,8,10,9,10,8,8,10,9,10,8,9,9,10,8,9,10,8,9,10,8,11,8,9,11,8,11,11,9,8,9,2,8,8,2,9,8,9,2,2,9,8,2
363,2023-09-28T00:00:00,木,1,1,1,8,10,9,8,9,10,1,1,1,1,1,1,8,9,10,1,1,1,8,9,10,8,9,11,1,1,1,1,1,1,1,1,9,2,8,2,1,1,1,8,2,9,9
364,2023-09-29T00:00:00,金,9,8,10,1,1,1,1,1,1,9,8,10,8,9,10,1,1,1,8,9,10,1,1,1,1,1,1,9,11,8,9,8,2,8,9,1,1,1,1,2,8,9,1,1,1,1
365,2023-09-30T00:00:00,土,,,,,,,,,,,,,,,,,,,,,,,,,,,,,,,,,,,,,,,,,,,,,,
