_id,日付,曜,中央区①,中央区②,中央区③,中央区④,中央区⑤,中央区⑥,豊平区①,豊平区②,豊平区③,豊平区④,清田区①,清田区②,北区①,北区②,北区③,北区④,北区⑤,北区⑥,東区①,東区②,東区③,東区④,東区⑤,東区⑥,白石区①,白石区②,白石区③,白石区④,厚別区①,厚別区②,厚別区③,厚別区④,南区①,南区②,南区③,南区④,南区⑤,南区⑥,南区⑦,西区①,西区②,西区③,西区④,手稲区①,手稲区②,手稲区③
1,2021-10-01T00:00:00,金,9,8,10,1,1,1,1,1,1,9,8,10,8,9,10,1,1,1,8,9,10,1,1,1,1,1,1,9,2,8,9,8,11,8,9,1,1,1,1,11,8,9,1,1,1,1
2,2021-10-02T00:00:00,土,,,,,,,,,,,,,,,,,,,,,,,,,,,,,,,,,,,,,,,,,,,,,,
3,2021-10-03T00:00:00,日,,,,,,,,,,,,,,,,,,,,,,,,,,,,,,,,,,,,,,,,,,,,,,
4,2021-10-04T00:00:00,月,1,1,1,11,9,8,11,8,9,1,1,1,1,1,1,2,8,9,1,1,1,2,8,9,9,10,8,1,1,1,1,1,1,1,1,10,9,9,8,1,1,1,9,8,10,8
5,2021-10-05T00:00:00,火,8,11,9,1,1,1,1,1,1,11,9,8,9,2,8,1,1,1,2,8,9,1,1,1,1,1,1,8,9,9,8,10,9,10,8,1,1,1,1,9,10,8,1,1,1,1
6,2021-10-06T00:00:00,水,11,9,8,9,8,11,9,11,8,8,11,9,2,8,9,9,2,8,9,2,8,9,2,8,10,8,9,10,8,10,10,9,8,9,10,8,8,10,9,8,9,10,10,9,8,10
7,2021-10-07T00:00:00,木,1,1,1,8,11,9,8,9,11,1,1,1,1,1,1,8,9,2,1,1,1,8,9,2,8,9,10,1,1,1,1,1,1,1,1,9,10,8,10,1,1,1,8,10,9,9
8,2021-10-08T00:00:00,金,9,8,11,1,1,1,1,1,1,9,8,11,8,9,2,1,1,1,8,9,2,1,1,1,1,1,1,9,10,8,9,8,10,8,9,1,1,1,1,10,8,9,1,1,1,1
9,2021-10-09T00:00:00,土,,,,,,,,,,,,,,,,,,,,,,,,,,,,,,,,,,,,,,,,,,,,,,
10,2021-10-10T00:00:00,日,,,,,,,,,,,,,,,,,,,,,,,,,,,,,,,,,,,,,,,,,,,,,,
11,2021-10-11T00:00:00,月,1,1,1,10,9,8,10,8,9,1,1,1,1,1,1,10,8,9,1,1,1,10,8,9,9,11,8,1,1,1,1,1,1,1,1,2,9,9,8,1,1,1,9,8,2,8
12,2021-10-12T00:00:00,火,8,10,9,1,1,1,1,1,1,10,9,8,9,10,8,1,1,1,10,8,9,1,1,1,1,1,1,8,9,9,8,11,9,2,8,1,1,1,1,9,2,8,1,1,1,1
13,2021-10-13T00:00:00,水,10,9,8,9,8,10,9,10,8,8,10,9,10,8,9,9,10,8,9,10,8,9,10,8,11,8,9,11,8,11,11,9,8,9,2,8,8,2,9,8,9,2,2,9,8,2
14,2021-10-14T00:00:00,木,1,1,1,8,10,9,8,9,10,1,1,1,1,1,1,8,9,10,1,1,1,8,9,10,8,9,11,1,1,1,1,1,1,1,1,9,2,8,2,1,1,1,8,2,9,9
15,2021-10-15T00:00:00,金,9,8,10,1,1,1,1,1,1,9,8,10,8,9,10,1,1,1,8,9,10,1,1,1,1,1,1,9,11,8,9,8,2,8,9,1,1,1,1,2,8,9,1,1,1,1
16,2021-10-16T00:00:00,土,,,,,,,,,,,,,,,,,,,,,,,,,,,,,,,,,,,,,,,,,,,,,,
17,2021-10-17T00:00:00,日,,,,,,,,,,,,,,,,,,,,,,,,,,,,,,,,,,,,,,,,,,,,,,
18,2021-10-18T00:00:00,月,1,1,1,2,9,8,2,8,9,1,1,1,1,1,1,11,8,9,1,1,1,11,8,9,9,10,8,1,1,1,1,1,1,1,1,10,9,9,8,1,1,1,9,8,10,8
19,2021-10-19T00:00:00,火,8,2,9,1,1,1,1,1,1,2,9,8,9,11,8,1,1,1,11,8,9,1,1,1,1,1,1,8,9,9,8,10,9,10,8,1,1,1,1,9,10,8,1,1,1,1
20,2021-10-20T00:00:00,水,2,9,8,9,8,2,9,2,8,8,2,9,11,8,9,9,11,8,9,11,8,9,11,8,10,8,9,10,8,10,10,9,8,9,10,8,8,10,9,8,9,10,10,9,8,10
21,2021-10-21T00:00:00,木,1,1,1,8,2,9,8,9,2,1,1,1,1,1,1,8,9,11,1,1,1,8,9,11,8,9,10,1,1,1,1,1,1,1,1,9,10,8,10,1,1,1,8,10,9,9
22,2021-10-22T00:00:00,金,9,8,2,1,1,1,1,1,1,9,8,2,8,9,11,1,1,1,8,9,11,1,1,1,1,1,1,9,10,8,9,8,10,8,9,1,1,1,1,10,8,9,1,1,1,1
23,2021-10-23T00:00:00,土,,,,,,,,,,,,,,,,,,,,,,,,,,,,,,,,,,,,,,,,,,,,,,
24,2021-10-24T00:00:00,日,,,,,,,,,,,,,,,,,,,,,,,,,,,,,,,,,,,,,,,,,,,,,,
25,2021-10-25T00:00:00,月,1,1,1,10,9,8,10,8,9,1,1,1,1,1,1,10,8,9,1,1,1,10,8,9,9,2,8,1,1,1,1,1,1,1,1,11,9,9,8,1,1,1,9,8,11,8
26,2021-10-26T00:00:00,火,8,10,9,1,1,1,1,1,1,10,9,8,9,10,8,1,1,1,10,8,9,1,1,1,1,1,1,8,9,9,8,2,9,11,8,1,1,1,1,9,11,8,1,1,1,1
27,2021-10-27T00:00:00,水,10,9,8,9,8,10,9,10,8,8,10,9,10,8,9,9,10,8,9,10,8,9,10,8,2,8,9,2,8,2,2,9,8,9,11,8,8,11,9,8,9,11,11,9,8,11
28,2021-10-28T00:00:00,木,1,1,1,8,10,9,8,9,10,1,1,1,1,1,1,8,9,10,1,1,1,8,9,10,8,9,2,1,1,1,1,1,1,1,1,9,11,8,11,1,1,1,8,11,9,9
29,2021-10-29T00:00:00,金,9,8,10,1,1,1,1,1,1,9,8,10,8,9,10,1,1,1,8,9,10,1,1,1,1,1,1,9,2,8,9,8,11,8,9,1,1,1,1,11,8,9,1,1,1,1
30,2021-10-30T00:00:00,土,,,,,,,,,,,,,,,,,,,,,,,,,,,,,,,,,,,,,,,,,,,,,,
31,2021-10-31T00:00:00,日,,,,,,,,,,,,,,,,,,,,,,,,,,,,,,,,,,,,,,,,,,,,,,
32,2021-11-01T00:00:00,月,1,1,1,11,9,8,11,8,9,1,1,1,1,1,1,2,8,9,1,1,1,2,8,9,9,10,8,1,1,1,1,1,1,1,1,10,9,9,8,1,1,1,9,8,10,8
33,2021-11-02T00:00:00,火,8,11,9,1,1,1,1,1,1,11,9,8,9,2,8,1,1,1,2,8,9,1,1,1,1,1,1,8,9,9,8,10,9,10,8,1,1,1,1,9,10,8,1,1,1,1
34,2021-11-03T00:00:00,水,11,9,8,9,8,11,9,11,8,8,11,9,2,8,9,9,2,8,9,2,8,9,2,8,10,8,9,10,8,10,10,9,8,9,10,8,8,10,9,8,9,10,10,9,8,10
35,2021-11-04T00:00:00,木,1,1,1,8,11,9,8,9,11,1,1,1,1,1,1,8,9,2,1,1,1,8,9,2,8,9,10,1,1,1,1,1,1,1,1,9,10,8,10,1,1,1,8,10,9,9
36,2021-11-05T00:00:00,金,9,8,11,1,1,1,1,1,1,9,8,11,8,9,2,1,1,1,8,9,2,1,1,1,1,1,1,9,10,8,9,8,10,8,9,1,1,1,1,10,8,9,1,1,1,1
37,2021-11-06T00:00:00,土,,,,,,,,,,,,,,,,,,,,,,,,,,,,,,,,,,,,,,,,,,,,,,
38,2021-11-07T00:00:00,日,,,,,,,,,,,,,,,,,,,,,,,,,,,,,,,,,,,,,,,,,,,,,,
39,2021-11-08T00:00:00,月,1,1,1,10,9,8,10,8,9,1,1,1,1,1,1,10,8,9,1,1,1,10,8,9,9,11,8,1,1,1,1,1,1,1,1,2,9,9,8,1,1,1,9,8,2,8
40,2021-11-09T00:00:00,火,8,10,9,1,1,1,1,1,1,10,9,8,9,10,8,1,1,1,10,8,9,1,1,1,1,1,1,8,9,9,8,11,9,2,8,1,1,1,1,9,2,8,1,1,1,1
41,2021-11-10T00:00:00,水,10,9,8,9,8,10,9,10,8,8,10,9,10,8,9,9,10,8,9,10,8,9,10,8,11,8,9,11,8,11,11,9,8,9,2,8,8,2,9,8,9,2,2,9,8,2
42,2021-11-11T00:00:00,木,1,1,1,8,10,9,8,9,10,1,1,1,1,1,1,8,9,10,1,1,1,8,9,10,8,9,11,1,1,1,1,1,1,1,1,9,2,8,2,1,1,1,8,2,9,9
43,2021-11-12T00:00:00,金,9,8,10,1,1,1,1,1,1,9,8,10,8,9,10,1,1,1,8,9,10,1,1,1,1,1,1,9,11,8,9,8,2,8,9,1,1,1,1,2,8,9,1,1,1,1
44,2021-11-13T00:00:00,土,,,,,,,,,,,,,,,,,,,,,,,,,,,,,,,,,,,,,,,,,,,,,,
45,2021-11-14T00:00:00,日,,,,,,,,,,,,,,,,,,,,,,,,,,,,,,,,,,,,,,,,,,,,,,
46,2021-11-15T00:00:00,月,1,1,1,2,9,8,2,8,9,1,1,1,1,1,1,11,8,9,1,1,1,11,8,9,9,10,8,1,1,1,1,1,1,1,1,10,9,9,8,1,1,1,9,8,10,8
47,2021-11-16T00:00:00,火,8,2,9,1,1,1,1,1,1,2,9,8,9,11,8,1,1,1,11,8,9,1,1,1,1,1,1,8,9,9,8,10,9,10,8,1,1,1,1,9,10,8,1,1,1,1
48,2021-11-17T00:00:00,水,2,9,8,9,8,2,9,2,8,8,2,9,11,8,9,9,11,8,9,11,8,9,11,8,10,8,9,10,8,10,10,9,8,9,10,8,8,10,9,8,9,10,10,9,8,10
49,2021-11-18T00:00:00,木,1,1,1,8,2,9,8,9,2,1,1,1,1,1,1,8,9,11,1,1,1,8,9,11,8,9,10,1,1,1,1,1,1,1,1,9,10,8,10,1,1,1,8,10,9,9
50,2021-11-19T00:00:00,金,9,8,2,1,1,1,1,1,1,9,8,2,8,9,11,1,1,1,8,9,11,1,1,1,1,1,1,9,10,8,9,8,10,8,9,1,1,1,1,10,8,9,1,1,1,1
51,2021-11-20T00:00:00,土,,,,,,,,,,,,,,,,,,,,,,,,,,,,,,,,,,,,,,,,,,,,,,
52,2021-11-21T00:00:00,日,,,,,,,,,,,,,,,,,,,,,,,,,,,,,,,,,,,,,,,,,,,,,,
53,2021-11-22T00:00:00,月,1,1,1,10,9,8,10,8,9,1,1,1,1,1,1,10,8,9,1,1,1,10,8,9,9,2,8,1,1,1,1,1,1,1,1,11,9,9,8,1,1,1,9,8,11,8
54,2021-11-23T00:00:00,火,8,10,9,1,1,1,1,1,1,10,9,8,9,10,8,1,1,1,10,8,9,1,1,1,1,1,1,8,9,9,8,2,9,11,8,1,1,1,1,9,11,8,1,1,1,1
55,2021-11-24T00:00:00,水,10,9,8,9,8,10,9,10,8,8,10,9,10,8,9,9,10,8,9,10,8,9,10,8,2,8,9,2,8,2,2,9,8,9,11,8,8,11,9,8,9,11,11,9,8,11
56,2021-11-25T00:00:00,木,1,1,1,8,10,9,8,9,10,1,1,1,1,1,1,8,9,10,1,1,1,8,9,10,8,9,2,1,1,1,1,1,1,1,1,9,11,8,11,1,1,1,8,11,9,9
57,2021-11-26T00:00:00,金,9,8,10,1,1,1,1,1,1,9,8,10,8,9,10,1,1,1,8,9,10,1,1,1,1,1,1,9,2,8,9,8,11,8,9,1,1,1,1,11,8,9,1,1,1,1
58,2021-11-27T00:00:00,土,,,,,,,,,,,,,,,,,,,,,,,,,,,,,,,,,,,,,,,,,,,,,,
59,2021-11-28T00:00:00,日,,,,,,,,,,,,,,,,,,,,,,,,,,,,,,,,,,,,,,,,,,,,,,
60,2021-11-29T00:00:00,月,1,1,1,11,9,8,11,8,9,1,1,1,1,1,1,2,8,9,1,1,1,2,8,9,9,10,8,1,1,1,1,1,1,1,1,10,9,9,8,1,1,1,9,8,10,8
61,2021-11-30T00:00:00,火,8,11,9,1,1,1,1,1,1,11,9,8,9,2,8,1,1,1,2,8,9,1,1,1,1,1,1,8,9,9,8,10,9,10,8,1,1,1,1,9,10,8,1,1,1,1
62,2021-12-01T00:00:00,水,11,9,8,9,8,11,9,11,8,8,11,9,2,8,9,9,2,8,9,2,8,9,2,8,10,8,9,10,8,10,10,9,8,9,10,8,8,10,9,8,9,10,10,9,8,10
63,2021-12-02T00:00:00,木,1,1,1,8,11,9,8,9,11,1,1,1,1,1,1,8,9,2,1,1,1,8,9,2,8,9,10,1,1,1,1,1,1,1,1,9,10,8,10,1,1,1,8,10,9,9
64,2021-12-03T00:00:00,金,9,8,11,1,1,1,1,1,1,9,8,11,8,9,2,1,1,1,8,9,2,1,1,1,1,1,1,9,10,8,9,8,10,8,9,1,1,1,1,10,8,9,1,1,1,1
65,2021-12-04T00:00:00,土,,,,,,,,,,,,,,,,,,,,,,,,,,,,,,,,,,,,,,,,,,,,,,
66,2021-12-05T00:00:00,日,,,,,,,,,,,,,,,,,,,,,,,,,,,,,,,,,,,,,,,,,,,,,,
67,2021-12-06T00:00:00,月,1,1,1,10,9,8,10,8,9,1,1,1,1,1,1,10,8,9,1,1,1,10,8,9,9,11,8,1,1,1,1,1,1,1,1,2,9,9,8,1,1,1,9,8,2,8
68,2021-12-07T00:00:00,火,8,10,9,1,1,1,1,1,1,10,9,8,9,10,8,1,1,1,10,8,9,1,1,1,1,1,1,8,9,9,8,11,9,2,8,1,1,1,1,9,2,8,1,1,1,1
69,2021-12-08T00:00:00,水,10,9,8,9,8,10,9,10,8,8,10,9,10,8,9,9,10,8,9,10,8,9,10,8,11,8,9,11,8,11,11,9,8,9,2,8,8,2,9,8,9,2,2,9,8,2
70,2021-12-09T00:00:00,木,1,1,1,8,10,9,8,9,10,1,1,1,1,1,1,8,9,10,1,1,1,8,9,10,8,9,11,1,1,1,1,1,1,1,1,9,2,8,2,1,1,1,8,2,9,9
71,2021-12-10T00:00:00,金,9,8,10,1,1,1,1,1,1,9,8,10,8,9,10,1,1,1,8,9,10,1,1,1,1,1,1,9,11,8,9,8,2,8,9,1,1,1,1,2,8,9,1,1,1,1
72,2021-12-11T00:00:00,土,,,,,,,,,,,,,,,,,,,,,,,,,,,,,,,,,,,,,,,,,,,,,,
73,2021-12-12T00:00:00,日,,,,,,,,,,,,,,,,,,,,,,,,,,,,,,,,,,,,,,,,,,,,,,
74,2021-12-13T00:00:00,月,1,1,1,2,9,8,2,8,9,1,1,1,1,1,1,0,8,9,1,1,1,0,8,9,9,10,8,1,1,1,1,1,1,1,1,10,9,9,8,1,1,1,9,8,10,8
75,2021-12-14T00:00:00,火,8,2,9,1,1,1,1,1,1,2,9,8,9,0,8,1,1,1,0,8,9,1,1,1,1,1,1,8,9,9,8,10,9,10,8,1,1,1,1,9,10,8,1,1,1,1
76,2021-12-15T00:00:00,水,2,9,8,9,8,2,9,2,8,8,2,9,0,8,9,9,0,8,9,0,8,9,0,8,10,8,9,10,8,10,10,9,8,9,10,8,8,10,9,8,9,10,10,9,8,10
77,2021-12-16T00:00:00,木,1,1,1,8,2,9,8,9,2,1,1,1,1,1,1,8,9,0,1,1,1,8,9,0,8,9,10,1,1,1,1,1,1,1,1,9,10,8,10,1,1,1,8,10,9,9
78,2021-12-17T00:00:00,金,9,8,2,1,1,1,1,1,1,9,8,2,8,9,0,1,1,1,8,9,0,1,1,1,1,1,1,9,10,8,9,8,10,8,9,1,1,1,1,10,8,9,1,1,1,1
79,2021-12-18T00:00:00,土,,,,,,,,,,,,,,,,,,,,,,,,,,,,,,,,,,,,,,,,,,,,,,
80,2021-12-19T00:00:00,日,,,,,,,,,,,,,,,,,,,,,,,,,,,,,,,,,,,,,,,,,,,,,,
81,2021-12-20T00:00:00,月,1,1,1,10,9,8,10,8,9,1,1,1,1,1,1,10,8,9,1,1,1,10,8,9,9,2,8,1,1,1,1,1,1,1,1,0,9,9,8,1,1,1,9,8,0,8
82,2021-12-21T00:00:00,火,8,10,9,1,1,1,1,1,1,10,9,8,9,10,8,1,1,1,10,8,9,1,1,1,1,1,1,8,9,9,8,2,9,0,8,1,1,1,1,9,0,8,1,1,1,1
83,2021-12-22T00:00:00,水,10,9,8,9,8,10,9,10,8,8,10,9,10,8,9,9,10,8,9,10,8,9,10,8,2,8,9,2,8,2,2,9,8,9,0,8,8,0,9,8,9,0,0,9,8,0
84,2021-12-23T00:00:00,木,1,1,1,8,10,9,8,9,10,1,1,1,1,1,1,8,9,10,1,1,1,8,9,10,8,9,2,1,1,1,1,1,1,1,1,9,0,8,0,1,1,1,8,0,9,9
85,2021-12-24T00:00:00,金,9,8,10,1,1,1,1,1,1,9,8,10,8,9,10,1,1,1,8,9,10,1,1,1,1,1,1,9,2,8,9,8,0,8,9,1,1,1,1,0,8,9,1,1,1,1
86,2021-12-25T00:00:00,土,,,,,,,,,,,,,,,,,,,,,,,,,,,,,,,,,,,,,,,,,,,,,,
87,2021-12-26T00:00:00,日,,,,,,,,,,,,,,,,,,,,,,,,,,,,,,,,,,,,,,,,,,,,,,
88,2021-12-27T00:00:00,月,1,1,1,0,9,8,0,8,9,1,1,1,1,1,1,2,8,9,1,1,1,2,8,9,9,10,8,1,1,1,1,1,1,1,1,10,9,9,8,1,1,1,9,8,10,8
89,2021-12-28T00:00:00,火,8,0,9,1,1,1,1,1,1,0,9,8,9,2,8,1,1,1,2,8,9,1,1,1,1,1,1,8,9,9,8,10,9,10,8,1,1,1,1,9,10,8,1,1,1,1
90,2021-12-29T00:00:00,水,0,9,8,9,8,0,9,0,8,8,0,9,2,8,9,9,2,8,9,2,8,9,2,8,10,8,9,10,8,10,10,9,8,9,10,8,8,10,9,8,9,10,10,9,8,10
91,2021-12-30T00:00:00,木,1,1,1,8,0,9,8,9,0,1,1,1,1,1,1,8,9,2,1,1,1,8,9,2,8,9,10,1,1,1,1,1,1,1,1,9,10,8,10,1,1,1,8,10,9,9
92,2021-12-31T00:00:00,金,,,,,,,,,,,,,,,,,,,,,,,,,,,,,,,,,,,,,,,,,,,,,,
93,2022-01-01T00:00:00,土,,,,,,,,,,,,,,,,,,,,,,,,,,,,,,,,,,,,,,,,,,,,,,
94,2022-01-02T00:00:00,日,,,,,,,,,,,,,,,,,,,,,,,,,,,,,,,,,,,,,,,,,,,,,,
95,2022-01-03T00:00:00,月,,,,,,,,,,,,,,,,,,,,,,,,,,,,,,,,,,,,,,,,,,,,,,
96,2022-01-04T00:00:00,火,8,0,9,1,1,1,1,1,1,0,9,8,9,,8,1,1,1,,8,9,1,1,1,1,1,1,8,9,9,8,,9,,8,1,1,1,1,9,,8,1,1,1,1
97,2022-01-05T00:00:00,水,0,9,8,9,8,0,9,0,8,8,0,9,,8,9,9,,8,9,,8,9,,8,,8,9,,8,,,9,8,9,,8,8,,9,8,9,,,9,8,
98,2022-01-06T00:00:00,木,1,1,1,8,0,9,8,9,0,1,1,1,1,1,1,8,9,,1,1,1,8,9,,8,9,,1,1,1,1,1,1,1,1,9,,8,,1,1,1,8,,9,9
99,2022-01-07T00:00:00,金,9,8,0,1,1,1,1,1,1,9,8,0,8,9,2,1,1,1,8,9,2,1,1,1,1,1,1,9,10,8,9,8,10,8,9,1,1,1,1,10,8,9,1,1,1,1
100,2022-01-08T00:00:00,土,,,,,,,,,,,,,,,,,,,,,,,,,,,,,,,,,,,,,,,,,,,,,,
101,2022-01-09T00:00:00,日,,,,,,,,,,,,,,,,,,,,,,,,,,,,,,,,,,,,,,,,,,,,,,
102,2022-01-10T00:00:00,月,1,1,1,10,9,8,10,8,9,1,1,1,1,1,1,10,8,9,1,1,1,10,8,9,9,0,8,1,1,1,1,1,1,1,1,2,9,9,8,1,1,1,9,8,2,8
103,2022-01-11T00:00:00,火,8,10,9,1,1,1,1,1,1,10,9,8,9,10,8,1,1,1,10,8,9,1,1,1,1,1,1,8,9,9,8,0,9,2,8,1,1,1,1,9,2,8,1,1,1,1
104,2022-01-12T00:00:00,水,10,9,8,9,8,10,9,10,8,8,10,9,10,8,9,9,10,8,9,10,8,9,10,8,0,8,9,0,8,0,0,9,8,9,2,8,8,2,9,8,9,2,2,9,8,2
105,2022-01-13T00:00:00,木,1,1,1,8,10,9,8,9,10,1,1,1,1,1,1,8,9,10,1,1,1,8,9,10,8,9,0,1,1,1,1,1,1,1,1,9,2,8,2,1,1,1,8,2,9,9
106,2022-01-14T00:00:00,金,9,8,10,1,1,1,1,1,1,9,8,10,8,9,10,1,1,1,8,9,10,1,1,1,1,1,1,9,0,8,9,8,2,8,9,1,1,1,1,2,8,9,1,1,1,1
107,2022-01-15T00:00:00,土,,,,,,,,,,,,,,,,,,,,,,,,,,,,,,,,,,,,,,,,,,,,,,
108,2022-01-16T00:00:00,日,,,,,,,,,,,,,,,,,,,,,,,,,,,,,,,,,,,,,,,,,,,,,,
109,2022-01-17T00:00:00,月,1,1,1,2,9,8,2,8,9,1,1,1,1,1,1,0,8,9,1,1,1,0,8,9,9,10,8,1,1,1,1,1,1,1,1,10,9,9,8,1,1,1,9,8,10,8
110,2022-01-18T00:00:00,火,8,2,9,1,1,1,1,1,1,2,9,8,9,0,8,1,1,1,0,8,9,1,1,1,1,1,1,8,9,9,8,10,9,10,8,1,1,1,1,9,10,8,1,1,1,1
111,2022-01-19T00:00:00,水,2,9,8,9,8,2,9,2,8,8,2,9,0,8,9,9,0,8,9,0,8,9,0,8,10,8,9,10,8,10,10,9,8,9,10,8,8,10,9,8,9,10,10,9,8,10
112,2022-01-20T00:00:00,木,1,1,1,8,2,9,8,9,2,1,1,1,1,1,1,8,9,0,1,1,1,8,9,0,8,9,10,1,1,1,1,1,1,1,1,9,10,8,10,1,1,1,8,10,9,9
113,2022-01-21T00:00:00,金,9,8,2,1,1,1,1,1,1,9,8,2,8,9,0,1,1,1,8,9,0,1,1,1,1,1,1,9,10,8,9,8,10,8,9,1,1,1,1,10,8,9,1,1,1,1
114,2022-01-22T00:00:00,土,,,,,,,,,,,,,,,,,,,,,,,,,,,,,,,,,,,,,,,,,,,,,,
115,2022-01-23T00:00:00,日,,,,,,,,,,,,,,,,,,,,,,,,,,,,,,,,,,,,,,,,,,,,,,
116,2022-01-24T00:00:00,月,1,1,1,10,9,8,10,8,9,1,1,1,1,1,1,10,8,9,1,1,1,10,8,9,9,2,8,1,1,1,1,1,1,1,1,0,9,9,8,1,1,1,9,8,0,8
117,2022-01-25T00:00:00,火,8,10,9,1,1,1,1,1,1,10,9,8,9,10,8,1,1,1,10,8,9,1,1,1,1,1,1,8,9,9,8,2,9,0,8,1,1,1,1,9,0,8,1,1,1,1
118,2022-01-26T00:00:00,水,10,9,8,9,8,10,9,10,8,8,10,9,10,8,9,9,10,8,9,10,8,9,10,8,2,8,9,2,8,2,2,9,8,9,0,8,8,0,9,8,9,0,0,9,8,0
119,2022-01-27T00:00:00,木,1,1,1,8,10,9,8,9,10,1,1,1,1,1,1,8,9,10,1,1,1,8,9,10,8,9,2,1,1,1,1,1,1,1,1,9,0,8,0,1,1,1,8,0,9,9
120,2022-01-28T00:00:00,金,9,8,10,1,1,1,1,1,1,9,8,10,8,9,10,1,1,1,8,9,10,1,1,1,1,1,1,9,2,8,9,8,0,8,9,1,1,1,1,0,8,9,1,1,1,1
121,2022-01-29T00:00:00,土,,,,,,,,,,,,,,,,,,,,,,,,,,,,,,,,,,,,,,,,,,,,,,
122,2022-01-30T00:00:00,日,,,,,,,,,,,,,,,,,,,,,,,,,,,,,,,,,,,,,,,,,,,,,,
123,2022-01-31T00:00:00,月,1,1,1,0,9,8,0,8,9,1,1,1,1,1,1,2,8,9,1,1,1,2,8,9,9,10,8,1,1,1,1,1,1,1,1,10,9,9,8,1,1,1,9,8,10,8
124,2022-02-01T00:00:00,火,8,0,9,1,1,1,1,1,1,0,9,8,9,2,8,1,1,1,2,8,9,1,1,1,1,1,1,8,9,9,8,10,9,10,8,1,1,1,1,9,10,8,1,1,1,1
125,2022-02-02T00:00:00,水,0,9,8,9,8,0,9,0,8,8,0,9,2,8,9,9,2,8,9,2,8,9,2,8,10,8,9,10,8,10,10,9,8,9,10,8,8,10,9,8,9,10,10,9,8,10
126,2022-02-03T00:00:00,木,1,1,1,8,0,9,8,9,0,1,1,1,1,1,1,8,9,2,1,1,1,8,9,2,8,9,10,1,1,1,1,1,1,1,1,9,10,8,10,1,1,1,8,10,9,9
127,2022-02-04T00:00:00,金,9,8,0,1,1,1,1,1,1,9,8,0,8,9,2,1,1,1,8,9,2,1,1,1,1,1,1,9,10,8,9,8,10,8,9,1,1,1,1,10,8,9,1,1,1,1
128,2022-02-05T00:00:00,土,,,,,,,,,,,,,,,,,,,,,,,,,,,,,,,,,,,,,,,,,,,,,,
129,2022-02-06T00:00:00,日,,,,,,,,,,,,,,,,,,,,,,,,,,,,,,,,,,,,,,,,,,,,,,
130,2022-02-07T00:00:00,月,1,1,1,10,9,8,10,8,9,1,1,1,1,1,1,10,8,9,1,1,1,10,8,9,9,0,8,1,1,1,1,1,1,1,1,2,9,9,8,1,1,1,9,8,2,8
131,2022-02-08T00:00:00,火,8,10,9,1,1,1,1,1,1,10,9,8,9,10,8,1,1,1,10,8,9,1,1,1,1,1,1,8,9,9,8,0,9,2,8,1,1,1,1,9,2,8,1,1,1,1
132,2022-02-09T00:00:00,水,10,9,8,9,8,10,9,10,8,8,10,9,10,8,9,9,10,8,9,10,8,9,10,8,0,8,9,0,8,0,0,9,8,9,2,8,8,2,9,8,9,2,2,9,8,2
133,2022-02-10T00:00:00,木,1,1,1,8,10,9,8,9,10,1,1,1,1,1,1,8,9,10,1,1,1,8,9,10,8,9,0,1,1,1,1,1,1,1,1,9,2,8,2,1,1,1,8,2,9,9
134,2022-02-11T00:00:00,金,9,8,10,1,1,1,1,1,1,9,8,10,8,9,10,1,1,1,8,9,10,1,1,1,1,1,1,9,0,8,9,8,2,8,9,1,1,1,1,2,8,9,1,1,1,1
135,2022-02-12T00:00:00,土,,,,,,,,,,,,,,,,,,,,,,,,,,,,,,,,,,,,,,,,,,,,,,
136,2022-02-13T00:00:00,日,,,,,,,,,,,,,,,,,,,,,,,,,,,,,,,,,,,,,,,,,,,,,,
137,2022-02-14T00:00:00,月,1,1,1,2,9,8,2,8,9,1,1,1,1,1,1,0,8,9,1,1,1,0,8,9,9,10,8,1,1,1,1,1,1,1,1,10,9,9,8,1,1,1,9,8,10,8
138,2022-02-15T00:00:00,火,8,2,9,1,1,1,1,1,1,2,9,8,9,0,8,1,1,1,0,8,9,1,1,1,1,1,1,8,9,9,8,10,9,10,8,1,1,1,1,9,10,8,1,1,1,1
139,2022-02-16T00:00:00,水,2,9,8,9,8,2,9,2,8,8,2,9,0,8,9,9,0,8,9,0,8,9,0,8,10,8,9,10,8,10,10,9,8,9,10,8,8,10,9,8,9,10,10,9,8,10
140,2022-02-17T00:00:00,木,1,1,1,8,2,9,8,9,2,1,1,1,1,1,1,8,9,0,1,1,1,8,9,0,8,9,10,1,1,1,1,1,1,1,1,9,10,8,10,1,1,1,8,10,9,9
141,2022-02-18T00:00:00,金,9,8,2,1,1,1,1,1,1,9,8,2,8,9,0,1,1,1,8,9,0,1,1,1,1,1,1,9,10,8,9,8,10,8,9,1,1,1,1,10,8,9,1,1,1,1
142,2022-02-19T00:00:00,土,,,,,,,,,,,,,,,,,,,,,,,,,,,,,,,,,,,,,,,,,,,,,,
143,2022-02-20T00:00:00,日,,,,,,,,,,,,,,,,,,,,,,,,,,,,,,,,,,,,,,,,,,,,,,
144,2022-02-21T00:00:00,月,1,1,1,10,9,8,10,8,9,1,1,1,1,1,1,10,8,9,1,1,1,10,8,9,9,2,8,1,1,1,1,1,1,1,1,0,9,9,8,1,1,1,9,8,0,8
145,2022-02-22T00:00:00,火,8,10,9,1,1,1,1,1,1,10,9,8,9,10,8,1,1,1,10,8,9,1,1,1,1,1,1,8,9,9,8,2,9,0,8,1,1,1,1,9,0,8,1,1,1,1
146,2022-02-23T00:00:00,水,10,9,8,9,8,10,9,10,8,8,10,9,10,8,9,9,10,8,9,10,8,9,10,8,2,8,9,2,8,2,2,9,8,9,0,8,8,0,9,8,9,0,0,9,8,0
147,2022-02-24T00:00:00,木,1,1,1,8,10,9,8,9,10,1,1,1,1,1,1,8,9,10,1,1,1,8,9,10,8,9,2,1,1,1,1,1,1,1,1,9,0,8,0,1,1,1,8,0,9,9
148,2022-02-25T00:00:00,金,9,8,10,1,1,1,1,1,1,9,8,10,8,9,10,1,1,1,8,9,10,1,1,1,1,1,1,9,2,8,9,8,0,8,9,1,1,1,1,0,8,9,1,1,1,1
149,2022-02-26T00:00:00,土,,,,,,,,,,,,,,,,,,,,,,,,,,,,,,,,,,,,,,,,,,,,,,
150,2022-02-27T00:00:00,日,,,,,,,,,,,,,,,,,,,,,,,,,,,,,,,,,,,,,,,,,,,,,,
151,2022-02-28T00:00:00,月,1,1,1,0,9,8,0,8,9,1,1,1,1,1,1,2,8,9,1,1,1,2,8,9,9,10,8,1,1,1,1,1,1,1,1,10,9,9,8,1,1,1,9,8,10,8
152,2022-03-01T00:00:00,火,8,0,9,1,1,1,1,1,1,0,9,8,9,2,8,1,1,1,2,8,9,1,1,1,1,1,1,8,9,9,8,10,9,10,8,1,1,1,1,9,10,8,1,1,1,1
153,2022-03-02T00:00:00,水,0,9,8,9,8,0,9,0,8,8,0,9,2,8,9,9,2,8,9,2,8,9,2,8,10,8,9,10,8,10,10,9,8,9,10,8,8,10,9,8,9,10,10,9,8,10
154,2022-03-03T00:00:00,木,1,1,1,8,0,9,8,9,0,1,1,1,1,1,1,8,9,2,1,1,1,8,9,2,8,9,10,1,1,1,1,1,1,1,1,9,10,8,10,1,1,1,8,10,9,9
155,2022-03-04T00:00:00,金,9,8,0,1,1,1,1,1,1,9,8,0,8,9,2,1,1,1,8,9,2,1,1,1,1,1,1,9,10,8,9,8,10,8,9,1,1,1,1,10,8,9,1,1,1,1
156,2022-03-05T00:00:00,土,,,,,,,,,,,,,,,,,,,,,,,,,,,,,,,,,,,,,,,,,,,,,,
157,2022-03-06T00:00:00,日,,,,,,,,,,,,,,,,,,,,,,,,,,,,,,,,,,,,,,,,,,,,,,
158,2022-03-07T00:00:00,月,1,1,1,10,9,8,10,8,9,1,1,1,1,1,1,10,8,9,1,1,1,10,8,9,9,0,8,1,1,1,1,1,1,1,1,2,9,9,8,1,1,1,9,8,2,8
159,2022-03-08T00:00:00,火,8,10,9,1,1,1,1,1,1,10,9,8,9,10,8,1,1,1,10,8,9,1,1,1,1,1,1,8,9,9,8,0,9,2,8,1,1,1,1,9,2,8,1,1,1,1
160,2022-03-09T00:00:00,水,10,9,8,9,8,10,9,10,8,8,10,9,10,8,9,9,10,8,9,10,8,9,10,8,0,8,9,0,8,0,0,9,8,9,2,8,8,2,9,8,9,2,2,9,8,2
161,2022-03-10T00:00:00,木,1,1,1,8,10,9,8,9,10,1,1,1,1,1,1,8,9,10,1,1,1,8,9,10,8,9,0,1,1,1,1,1,1,1,1,9,2,8,2,1,1,1,8,2,9,9
162,2022-03-11T00:00:00,金,9,8,10,1,1,1,1,1,1,9,8,10,8,9,10,1,1,1,8,9,10,1,1,1,1,1,1,9,0,8,9,8,2,8,9,1,1,1,1,2,8,9,1,1,1,1
163,2022-03-12T00:00:00,土,,,,,,,,,,,,,,,,,,,,,,,,,,,,,,,,,,,,,,,,,,,,,,
164,2022-03-13T00:00:00,日,,,,,,,,,,,,,,,,,,,,,,,,,,,,,,,,,,,,,,,,,,,,,,
165,2022-03-14T00:00:00,月,1,1,1,2,9,8,2,8,9,1,1,1,1,1,1,0,8,9,1,1,1,0,8,9,9,10,8,1,1,1,1,1,1,1,1,10,9,9,8,1,1,1,9,8,10,8
166,2022-03-15T00:00:00,火,8,2,9,1,1,1,1,1,1,2,9,8,9,0,8,1,1,1,0,8,9,1,1,1,1,1,1,8,9,9,8,10,9,10,8,1,1,1,1,9,10,8,1,1,1,1
167,2022-03-16T00:00:00,水,2,9,8,9,8,2,9,2,8,8,2,9,0,8,9,9,0,8,9,0,8,9,0,8,10,8,9,10,8,10,10,9,8,9,10,8,8,10,9,8,9,10,10,9,8,10
168,2022-03-17T00:00:00,木,1,1,1,8,2,9,8,9,2,1,1,1,1,1,1,8,9,0,1,1,1,8,9,0,8,9,10,1,1,1,1,1,1,1,1,9,10,8,10,1,1,1,8,10,9,9
169,2022-03-18T00:00:00,金,9,8,2,1,1,1,1,1,1,9,8,2,8,9,0,1,1,1,8,9,0,1,1,1,1,1,1,9,10,8,9,8,10,8,9,1,1,1,1,10,8,9,1,1,1,1
170,2022-03-19T00:00:00,土,,,,,,,,,,,,,,,,,,,,,,,,,,,,,,,,,,,,,,,,,,,,,,
171,2022-03-20T00:00:00,日,,,,,,,,,,,,,,,,,,,,,,,,,,,,,,,,,,,,,,,,,,,,,,
172,2022-03-21T00:00:00,月,1,1,1,10,9,8,10,8,9,1,1,1,1,1,1,10,8,9,1,1,1,10,8,9,9,2,8,1,1,1,1,1,1,1,1,0,9,9,8,1,1,1,9,8,0,8
173,2022-03-22T00:00:00,火,8,10,9,1,1,1,1,1,1,10,9,8,9,10,8,1,1,1,10,8,9,1,1,1,1,1,1,8,9,9,8,2,9,0,8,1,1,1,1,9,0,8,1,1,1,1
174,2022-03-23T00:00:00,水,10,9,8,9,8,10,9,10,8,8,10,9,10,8,9,9,10,8,9,10,8,9,10,8,2,8,9,2,8,2,2,9,8,9,0,8,8,0,9,8,9,0,0,9,8,0
175,2022-03-24T00:00:00,木,1,1,1,8,10,9,8,9,10,1,1,1,1,1,1,8,9,10,1,1,1,8,9,10,8,9,2,1,1,1,1,1,1,1,1,9,0,8,0,1,1,1,8,0,9,9
176,2022-03-25T00:00:00,金,9,8,10,1,1,1,1,1,1,9,8,10,8,9,10,1,1,1,8,9,10,1,1,1,1,1,1,9,2,8,9,8,0,8,9,1,1,1,1,0,8,9,1,1,1,1
177,2022-03-26T00:00:00,土,,,,,,,,,,,,,,,,,,,,,,,,,,,,,,,,,,,,,,,,,,,,,,
178,2022-03-27T00:00:00,日,,,,,,,,,,,,,,,,,,,,,,,,,,,,,,,,,,,,,,,,,,,,,,
179,2022-03-28T00:00:00,月,1,1,1,0,9,8,0,8,9,1,1,1,1,1,1,2,8,9,1,1,1,2,8,9,9,10,8,1,1,1,1,1,1,1,1,10,9,9,8,1,1,1,9,8,10,8
180,2022-03-29T00:00:00,火,8,0,9,1,1,1,1,1,1,0,9,8,9,2,8,1,1,1,2,8,9,1,1,1,1,1,1,8,9,9,8,10,9,10,8,1,1,1,1,9,10,8,1,1,1,1
181,2022-03-30T00:00:00,水,0,9,8,9,8,0,9,0,8,8,0,9,2,8,9,9,2,8,9,2,8,9,2,8,10,8,9,10,8,10,10,9,8,9,10,8,8,10,9,8,9,10,10,9,8,10
182,2022-03-31T00:00:00,木,1,1,1,8,0,9,8,9,0,1,1,1,1,1,1,8,9,2,1,1,1,8,9,2,8,9,10,1,1,1,1,1,1,1,1,9,10,8,10,1,1,1,8,10,9,9
183,2022-04-01T00:00:00,金,9,8,0,1,1,1,1,1,1,9,8,0,8,9,2,1,1,1,8,9,2,1,1,1,1,1,1,9,10,8,9,8,10,8,9,1,1,1,1,10,8,9,1,1,1,1
184,2022-04-02T00:00:00,土,,,,,,,,,,,,,,,,,,,,,,,,,,,,,,,,,,,,,,,,,,,,,,
185,2022-04-03T00:00:00,日,,,,,,,,,,,,,,,,,,,,,,,,,,,,,,,,,,,,,,,,,,,,,,
186,2022-04-04T00:00:00,月,1,1,1,10,9,8,10,8,9,1,1,1,1,1,1,10,8,9,1,1,1,10,8,9,9,0,8,1,1,1,1,1,1,1,1,2,9,9,8,1,1,1,9,8,2,8
187,2022-04-05T00:00:00,火,8,10,9,1,1,1,1,1,1,10,9,8,9,10,8,1,1,1,10,8,9,1,1,1,1,1,1,8,9,9,8,0,9,2,8,1,1,1,1,9,2,8,1,1,1,1
188,2022-04-06T00:00:00,水,10,9,8,9,8,10,9,10,8,8,10,9,10,8,9,9,10,8,9,10,8,9,10,8,0,8,9,0,8,0,0,9,8,9,2,8,8,2,9,8,9,2,2,9,8,2
189,2022-04-07T00:00:00,木,1,1,1,8,10,9,8,9,10,1,1,1,1,1,1,8,9,10,1,1,1,8,9,10,8,9,0,1,1,1,1,1,1,1,1,9,2,8,2,1,1,1,8,2,9,9
190,2022-04-08T00:00:00,金,9,8,10,1,1,1,1,1,1,9,8,10,8,9,10,1,1,1,8,9,10,1,1,1,1,1,1,9,0,8,9,8,2,8,9,1,1,1,1,2,8,9,1,1,1,1
191,2022-04-09T00:00:00,土,,,,,,,,,,,,,,,,,,,,,,,,,,,,,,,,,,,,,,,,,,,,,,
192,2022-04-10T00:00:00,日,,,,,,,,,,,,,,,,,,,,,,,,,,,,,,,,,,,,,,,,,,,,,,
193,2022-04-11T00:00:00,月,1,1,1,2,9,8,2,8,9,1,1,1,1,1,1,0,8,9,1,1,1,0,8,9,9,10,8,1,1,1,1,1,1,1,1,10,9,9,8,1,1,1,9,8,10,8
194,2022-04-12T00:00:00,火,8,2,9,1,1,1,1,1,1,2,9,8,9,0,8,1,1,1,0,8,9,1,1,1,1,1,1,8,9,9,8,10,9,10,8,1,1,1,1,9,10,8,1,1,1,1
195,2022-04-13T00:00:00,水,2,9,8,9,8,2,9,2,8,8,2,9,0,8,9,9,0,8,9,0,8,9,0,8,10,8,9,10,8,10,10,9,8,9,10,8,8,10,9,8,9,10,10,9,8,10
196,2022-04-14T00:00:00,木,1,1,1,8,2,9,8,9,2,1,1,1,1,1,1,8,9,0,1,1,1,8,9,0,8,9,10,1,1,1,1,1,1,1,1,9,10,8,10,1,1,1,8,10,9,9
197,2022-04-15T00:00:00,金,9,8,2,1,1,1,1,1,1,9,8,2,8,9,0,1,1,1,8,9,0,1,1,1,1,1,1,9,10,8,9,8,10,8,9,1,1,1,1,10,8,9,1,1,1,1
198,2022-04-16T00:00:00,土,,,,,,,,,,,,,,,,,,,,,,,,,,,,,,,,,,,,,,,,,,,,,,
199,2022-04-17T00:00:00,日,,,,,,,,,,,,,,,,,,,,,,,,,,,,,,,,,,,,,,,,,,,,,,
200,2022-04-18T00:00:00,月,1,1,1,10,9,8,10,8,9,1,1,1,1,1,1,10,8,9,1,1,1,10,8,9,9,2,8,1,1,1,1,1,1,1,1,0,9,9,8,1,1,1,9,8,0,8
201,2022-04-19T00:00:00,火,8,10,9,1,1,1,1,1,1,10,9,8,9,10,8,1,1,1,10,8,9,1,1,1,1,1,1,8,9,9,8,2,9,0,8,1,1,1,1,9,0,8,1,1,1,1
202,2022-04-20T00:00:00,水,10,9,8,9,8,10,9,10,8,8,10,9,10,8,9,9,10,8,9,10,8,9,10,8,2,8,9,2,8,2,2,9,8,9,0,8,8,0,9,8,9,0,0,9,8,0
203,2022-04-21T00:00:00,木,1,1,1,8,10,9,8,9,10,1,1,1,1,1,1,8,9,10,1,1,1,8,9,10,8,9,2,1,1,1,1,1,1,1,1,9,0,8,0,1,1,1,8,0,9,9
204,2022-04-22T00:00:00,金,9,8,10,1,1,1,1,1,1,9,8,10,8,9,10,1,1,1,8,9,10,1,1,1,1,1,1,9,2,8,9,8,0,8,9,1,1,1,1,0,8,9,1,1,1,1
205,2022-04-23T00:00:00,土,,,,,,,,,,,,,,,,,,,,,,,,,,,,,,,,,,,,,,,,,,,,,,
206,2022-04-24T00:00:00,日,,,,,,,,,,,,,,,,,,,,,,,,,,,,,,,,,,,,,,,,,,,,,,
207,2022-04-25T00:00:00,月,1,1,1,0,9,8,0,8,9,1,1,1,1,1,1,2,8,9,1,1,1,2,8,9,9,10,8,1,1,1,1,1,1,1,1,10,9,9,8,1,1,1,9,8,10,8
208,2022-04-26T00:00:00,火,8,0,9,1,1,1,1,1,1,0,9,8,9,2,8,1,1,1,2,8,9,1,1,1,1,1,1,8,9,9,8,10,9,10,8,1,1,1,1,9,10,8,1,1,1,1
209,2022-04-27T00:00:00,水,0,9,8,9,8,0,9,0,8,8,0,9,2,8,9,9,2,8,9,2,8,9,2,8,10,8,9,10,8,10,10,9,8,9,10,8,8,10,9,8,9,10,10,9,8,10
210,2022-04-28T00:00:00,木,1,1,1,8,0,9,8,9,0,1,1,1,1,1,1,8,9,2,1,1,1,8,9,2,8,9,10,1,1,1,1,1,1,1,1,9,10,8,10,1,1,1,8,10,9,9
211,2022-04-29T00:00:00,金,9,8,0,1,1,1,1,1,1,9,8,0,8,9,2,1,1,1,8,9,2,1,1,1,1,1,1,9,10,8,9,8,10,8,9,1,1,1,1,10,8,9,1,1,1,1
212,2022-04-30T00:00:00,土,,,,,,,,,,,,,,,,,,,,,,,,,,,,,,,,,,,,,,,,,,,,,,
213,2022-05-01T00:00:00,日,,,,,,,,,,,,,,,,,,,,,,,,,,,,,,,,,,,,,,,,,,,,,,
214,2022-05-02T00:00:00,月,1,1,1,10,9,8,10,8,9,1,1,1,1,1,1,10,8,9,1,1,1,10,8,9,9,11,8,1,1,1,1,1,1,1,1,2,9,9,8,1,1,1,9,8,2,8
215,2022-05-03T00:00:00,火,8,10,9,1,1,1,1,1,1,10,9,8,9,10,8,1,1,1,10,8,9,1,1,1,1,1,1,8,9,9,8,11,9,2,8,1,1,1,1,9,2,8,1,1,1,1
216,2022-05-04T00:00:00,水,10,9,8,9,8,10,9,10,8,8,10,9,10,8,9,9,10,8,9,10,8,9,10,8,11,8,9,11,8,11,11,9,8,9,2,8,8,2,9,8,9,2,2,9,8,2
217,2022-05-05T00:00:00,木,1,1,1,8,10,9,8,9,10,1,1,1,1,1,1,8,9,10,1,1,1,8,9,10,8,9,11,1,1,1,1,1,1,1,1,9,2,8,2,1,1,1,8,2,9,9
218,2022-05-06T00:00:00,金,9,8,10,1,1,1,1,1,1,9,8,10,8,9,10,1,1,1,8,9,10,1,1,1,1,1,1,9,11,8,9,8,2,8,9,1,1,1,1,2,8,9,1,1,1,1
219,2022-05-07T00:00:00,土,,,,,,,,,,,,,,,,,,,,,,,,,,,,,,,,,,,,,,,,,,,,,,
220,2022-05-08T00:00:00,日,,,,,,,,,,,,,,,,,,,,,,,,,,,,,,,,,,,,,,,,,,,,,,
221,2022-05-09T00:00:00,月,1,1,1,2,9,8,2,8,9,1,1,1,1,1,1,11,8,9,1,1,1,11,8,9,9,10,8,1,1,1,1,1,1,1,1,10,9,9,8,1,1,1,9,8,10,8
222,2022-05-10T00:00:00,火,8,2,9,1,1,1,1,1,1,2,9,8,9,11,8,1,1,1,11,8,9,1,1,1,1,1,1,8,9,9,8,10,9,10,8,1,1,1,1,9,10,8,1,1,1,1
223,2022-05-11T00:00:00,水,2,9,8,9,8,2,9,2,8,8,2,9,11,8,9,9,11,8,9,11,8,9,11,8,10,8,9,10,8,10,10,9,8,9,10,8,8,10,9,8,9,10,10,9,8,10
224,2022-05-12T00:00:00,木,1,1,1,8,2,9,8,9,2,1,1,1,1,1,1,8,9,11,1,1,1,8,9,11,8,9,10,1,1,1,1,1,1,1,1,9,10,8,10,1,1,1,8,10,9,9
225,2022-05-13T00:00:00,金,9,8,2,1,1,1,1,1,1,9,8,2,8,9,11,1,1,1,8,9,11,1,1,1,1,1,1,9,10,8,9,8,10,8,9,1,1,1,1,10,8,9,1,1,1,1
226,2022-05-14T00:00:00,土,,,,,,,,,,,,,,,,,,,,,,,,,,,,,,,,,,,,,,,,,,,,,,
227,2022-05-15T00:00:00,日,,,,,,,,,,,,,,,,,,,,,,,,,,,,,,,,,,,,,,,,,,,,,,
228,2022-05-16T00:00:00,月,1,1,1,10,9,8,10,8,9,1,1,1,1,1,1,10,8,9,1,1,1,10,8,9,9,2,8,1,1,1,1,1,1,1,1,11,9,9,8,1,1,1,9,8,11,8
229,2022-05-17T00:00:00,火,8,10,9,1,1,1,1,1,1,10,9,8,9,10,8,1,1,1,10,8,9,1,1,1,1,1,1,8,9,9,8,2,9,11,8,1,1,1,1,9,11,8,1,1,1,1
230,2022-05-18T00:00:00,水,10,9,8,9,8,10,9,10,8,8,10,9,10,8,9,9,10,8,9,10,8,9,10,8,2,8,9,2,8,2,2,9,8,9,11,8,8,11,9,8,9,11,11,9,8,11
231,2022-05-19T00:00:00,木,1,1,1,8,10,9,8,9,10,1,1,1,1,1,1,8,9,10,1,1,1,8,9,10,8,9,2,1,1,1,1,1,1,1,1,9,11,8,11,1,1,1,8,11,9,9
232,2022-05-20T00:00:00,金,9,8,10,1,1,1,1,1,1,9,8,10,8,9,10,1,1,1,8,9,10,1,1,1,1,1,1,9,2,8,9,8,11,8,9,1,1,1,1,11,8,9,1,1,1,1
233,2022-05-21T00:00:00,土,,,,,,,,,,,,,,,,,,,,,,,,,,,,,,,,,,,,,,,,,,,,,,
234,2022-05-22T00:00:00,日,,,,,,,,,,,,,,,,,,,,,,,,,,,,,,,,,,,,,,,,,,,,,,
235,2022-05-23T00:00:00,月,1,1,1,11,9,8,11,8,9,1,1,1,1,1,1,2,8,9,1,1,1,2,8,9,9,10,8,1,1,1,1,1,1,1,1,10,9,9,8,1,1,1,9,8,10,8
236,2022-05-24T00:00:00,火,8,11,9,1,1,1,1,1,1,11,9,8,9,2,8,1,1,1,2,8,9,1,1,1,1,1,1,8,9,9,8,10,9,10,8,1,1,1,1,9,10,8,1,1,1,1
237,2022-05-25T00:00:00,水,11,9,8,9,8,11,9,11,8,8,11,9,2,8,9,9,2,8,9,2,8,9,2,8,10,8,9,10,8,10,10,9,8,9,10,8,8,10,9,8,9,10,10,9,8,10
238,2022-05-26T00:00:00,木,1,1,1,8,11,9,8,9,11,1,1,1,1,1,1,8,9,2,1,1,1,8,9,2,8,9,10,1,1,1,1,1,1,1,1,9,10,8,10,1,1,1,8,10,9,9
239,2022-05-27T00:00:00,金,9,8,11,1,1,1,1,1,1,9,8,11,8,9,2,1,1,1,8,9,2,1,1,1,1,1,1,9,10,8,9,8,10,8,9,1,1,1,1,10,8,9,1,1,1,1
240,2022-05-28T00:00:00,土,,,,,,,,,,,,,,,,,,,,,,,,,,,,,,,,,,,,,,,,,,,,,,
241,2022-05-29T00:00:00,日,,,,,,,,,,,,,,,,,,,,,,,,,,,,,,,,,,,,,,,,,,,,,,
242,2022-05-30T00:00:00,月,1,1,1,10,9,8,10,8,9,1,1,1,1,1,1,10,8,9,1,1,1,10,8,9,9,11,8,1,1,1,1,1,1,1,1,2,9,9,8,1,1,1,9,8,2,8
243,2022-05-31T00:00:00,火,8,10,9,1,1,1,1,1,1,10,9,8,9,10,8,1,1,1,10,8,9,1,1,1,1,1,1,8,9,9,8,11,9,2,8,1,1,1,1,9,2,8,1,1,1,1
244,2022-06-01T00:00:00,水,10,9,8,9,8,10,9,10,8,8,10,9,10,8,9,9,10,8,9,10,8,9,10,8,11,8,9,11,8,11,11,9,8,9,2,8,8,2,9,8,9,2,2,9,8,2
245,2022-06-02T00:00:00,木,1,1,1,8,10,9,8,9,10,1,1,1,1,1,1,8,9,10,1,1,1,8,9,10,8,9,11,1,1,1,1,1,1,1,1,9,2,8,2,1,1,1,8,2,9,9
246,2022-06-03T00:00:00,金,9,8,10,1,1,1,1,1,1,9,8,10,8,9,10,1,1,1,8,9,10,1,1,1,1,1,1,9,11,8,9,8,2,8,9,1,1,1,1,2,8,9,1,1,1,1
247,2022-06-04T00:00:00,土,,,,,,,,,,,,,,,,,,,,,,,,,,,,,,,,,,,,,,,,,,,,,,
248,2022-06-05T00:00:00,日,,,,,,,,,,,,,,,,,,,,,,,,,,,,,,,,,,,,,,,,,,,,,,
249,2022-06-06T00:00:00,月,1,1,1,2,9,8,2,8,9,1,1,1,1,1,1,11,8,9,1,1,1,11,8,9,9,10,8,1,1,1,1,1,1,1,1,10,9,9,8,1,1,1,9,8,10,8
250,2022-06-07T00:00:00,火,8,2,9,1,1,1,1,1,1,2,9,8,9,11,8,1,1,1,11,8,9,1,1,1,1,1,1,8,9,9,8,10,9,10,8,1,1,1,1,9,10,8,1,1,1,1
251,2022-06-08T00:00:00,水,2,9,8,9,8,2,9,2,8,8,2,9,11,8,9,9,11,8,9,11,8,9,11,8,10,8,9,10,8,10,10,9,8,9,10,8,8,10,9,8,9,10,10,9,8,10
252,2022-06-09T00:00:00,木,1,1,1,8,2,9,8,9,2,1,1,1,1,1,1,8,9,11,1,1,1,8,9,11,8,9,10,1,1,1,1,1,1,1,1,9,10,8,10,1,1,1,8,10,9,9
253,2022-06-10T00:00:00,金,9,8,2,1,1,1,1,1,1,9,8,2,8,9,11,1,1,1,8,9,11,1,1,1,1,1,1,9,10,8,9,8,10,8,9,1,1,1,1,10,8,9,1,1,1,1
254,2022-06-11T00:00:00,土,,,,,,,,,,,,,,,,,,,,,,,,,,,,,,,,,,,,,,,,,,,,,,
255,2022-06-12T00:00:00,日,,,,,,,,,,,,,,,,,,,,,,,,,,,,,,,,,,,,,,,,,,,,,,
256,2022-06-13T00:00:00,月,1,1,1,10,9,8,10,8,9,1,1,1,1,1,1,10,8,9,1,1,1,10,8,9,9,2,8,1,1,1,1,1,1,1,1,11,9,9,8,1,1,1,9,8,11,8
257,2022-06-14T00:00:00,火,8,10,9,1,1,1,1,1,1,10,9,8,9,10,8,1,1,1,10,8,9,1,1,1,1,1,1,8,9,9,8,2,9,11,8,1,1,1,1,9,11,8,1,1,1,1
258,2022-06-15T00:00:00,水,10,9,8,9,8,10,9,10,8,8,10,9,10,8,9,9,10,8,9,10,8,9,10,8,2,8,9,2,8,2,2,9,8,9,11,8,8,11,9,8,9,11,11,9,8,11
259,2022-06-16T00:00:00,木,1,1,1,8,10,9,8,9,10,1,1,1,1,1,1,8,9,10,1,1,1,8,9,10,8,9,2,1,1,1,1,1,1,1,1,9,11,8,11,1,1,1,8,11,9,9
260,2022-06-17T00:00:00,金,9,8,10,1,1,1,1,1,1,9,8,10,8,9,10,1,1,1,8,9,10,1,1,1,1,1,1,9,2,8,9,8,11,8,9,1,1,1,1,11,8,9,1,1,1,1
261,2022-06-18T00:00:00,土,,,,,,,,,,,,,,,,,,,,,,,,,,,,,,,,,,,,,,,,,,,,,,
262,2022-06-19T00:00:00,日,,,,,,,,,,,,,,,,,,,,,,,,,,,,,,,,,,,,,,,,,,,,,,
263,2022-06-20T00:00:00,月,1,1,1,11,9,8,11,8,9,1,1,1,1,1,1,2,8,9,1,1,1,2,8,9,9,10,8,1,1,1,1,1,1,1,1,10,9,9,8,1,1,1,9,8,10,8
264,2022-06-21T00:00:00,火,8,11,9,1,1,1,1,1,1,11,9,8,9,2,8,1,1,1,2,8,9,1,1,1,1,1,1,8,9,9,8,10,9,10,8,1,1,1,1,9,10,8,1,1,1,1
265,2022-06-22T00:00:00,水,11,9,8,9,8,11,9,11,8,8,11,9,2,8,9,9,2,8,9,2,8,9,2,8,10,8,9,10,8,10,10,9,8,9,10,8,8,10,9,8,9,10,10,9,8,10
266,2022-06-23T00:00:00,木,1,1,1,8,11,9,8,9,11,1,1,1,1,1,1,8,9,2,1,1,1,8,9,2,8,9,10,1,1,1,1,1,1,1,1,9,10,8,10,1,1,1,8,10,9,9
267,2022-06-24T00:00:00,金,9,8,11,1,1,1,1,1,1,9,8,11,8,9,2,1,1,1,8,9,2,1,1,1,1,1,1,9,10,8,9,8,10,8,9,1,1,1,1,10,8,9,1,1,1,1
268,2022-06-25T00:00:00,土,,,,,,,,,,,,,,,,,,,,,,,,,,,,,,,,,,,,,,,,,,,,,,
269,2022-06-26T00:00:00,日,,,,,,,,,,,,,,,,,,,,,,,,,,,,,,,,,,,,,,,,,,,,,,
270,2022-06-27T00:00:00,月,1,1,1,10,9,8,10,8,9,1,1,1,1,1,1,10,8,9,1,1,1,10,8,9,9,11,8,1,1,1,1,1,1,1,1,2,9,9,8,1,1,1,9,8,2,8
271,2022-06-28T00:00:00,火,8,10,9,1,1,1,1,1,1,10,9,8,9,10,8,1,1,1,10,8,9,1,1,1,1,1,1,8,9,9,8,11,9,2,8,1,1,1,1,9,2,8,1,1,1,1
272,2022-06-29T00:00:00,水,10,9,8,9,8,10,9,10,8,8,10,9,10,8,9,9,10,8,9,10,8,9,10,8,11,8,9,11,8,11,11,9,8,9,2,8,8,2,9,8,9,2,2,9,8,2
273,2022-06-30T00:00:00,木,1,1,1,8,10,9,8,9,10,1,1,1,1,1,1,8,9,10,1,1,1,8,9,10,8,9,11,1,1,1,1,1,1,1,1,9,2,8,2,1,1,1,8,2,9,9
274,2022-07-01T00:00:00,金,9,8,10,1,1,1,1,1,1,9,8,10,8,9,10,1,1,1,8,9,10,1,1,1,1,1,1,9,11,8,9,8,2,8,9,1,1,1,1,2,8,9,1,1,1,1
275,2022-07-02T00:00:00,土,,,,,,,,,,,,,,,,,,,,,,,,,,,,,,,,,,,,,,,,,,,,,,
276,2022-07-03T00:00:00,日,,,,,,,,,,,,,,,,,,,,,,,,,,,,,,,,,,,,,,,,,,,,,,
277,2022-07-04T00:00:00,月,1,1,1,2,9,8,2,8,9,1,1,1,1,1,1,11,8,9,1,1,1,11,8,9,9,10,8,1,1,1,1,1,1,1,1,10,9,9,8,1,1,1,9,8,10,8
278,2022-07-05T00:00:00,火,8,2,9,1,1,1,1,1,1,2,9,8,9,11,8,1,1,1,11,8,9,1,1,1,1,1,1,8,9,9,8,10,9,10,8,1,1,1,1,9,10,8,1,1,1,1
279,2022-07-06T00:00:00,水,2,9,8,9,8,2,9,2,8,8,2,9,11,8,9,9,11,8,9,11,8,9,11,8,10,8,9,10,8,10,10,9,8,9,10,8,8,10,9,8,9,10,10,9,8,10
280,2022-07-07T00:00:00,木,1,1,1,8,2,9,8,9,2,1,1,1,1,1,1,8,9,11,1,1,1,8,9,11,8,9,10,1,1,1,1,1,1,1,1,9,10,8,10,1,1,1,8,10,9,9
281,2022-07-08T00:00:00,金,9,8,2,1,1,1,1,1,1,9,8,2,8,9,11,1,1,1,8,9,11,1,1,1,1,1,1,9,10,8,9,8,10,8,9,1,1,1,1,10,8,9,1,1,1,1
282,2022-07-09T00:00:00,土,,,,,,,,,,,,,,,,,,,,,,,,,,,,,,,,,,,,,,,,,,,,,,
283,2022-07-10T00:00:00,日,,,,,,,,,,,,,,,,,,,,,,,,,,,,,,,,,,,,,,,,,,,,,,
284,2022-07-11T00:00:00,月,1,1,1,10,9,8,10,8,9,1,1,1,1,1,1,10,8,9,1,1,1,10,8,9,9,2,8,1,1,1,1,1,1,1,1,11,9,9,8,1,1,1,9,8,11,8
285,2022-07-12T00:00:00,火,8,10,9,1,1,1,1,1,1,10,9,8,9,10,8,1,1,1,10,8,9,1,1,1,1,1,1,8,9,9,8,2,9,11,8,1,1,1,1,9,11,8,1,1,1,1
286,2022-07-13T00:00:00,水,10,9,8,9,8,10,9,10,8,8,10,9,10,8,9,9,10,8,9,10,8,9,10,8,2,8,9,2,8,2,2,9,8,9,11,8,8,11,9,8,9,11,11,9,8,11
287,2022-07-14T00:00:00,木,1,1,1,8,10,9,8,9,10,1,1,1,1,1,1,8,9,10,1,1,1,8,9,10,8,9,2,1,1,1,1,1,1,1,1,9,11,8,11,1,1,1,8,11,9,9
288,2022-07-15T00:00:00,金,9,8,10,1,1,1,1,1,1,9,8,10,8,9,10,1,1,1,8,9,10,1,1,1,1,1,1,9,2,8,9,8,11,8,9,1,1,1,1,11,8,9,1,1,1,1
289,2022-07-16T00:00:00,土,,,,,,,,,,,,,,,,,,,,,,,,,,,,,,,,,,,,,,,,,,,,,,
290,2022-07-17T00:00:00,日,,,,,,,,,,,,,,,,,,,,,,,,,,,,,,,,,,,,,,,,,,,,,,
291,2022-07-18T00:00:00,月,1,1,1,11,9,8,11,8,9,1,1,1,1,1,1,2,8,9,1,1,1,2,8,9,9,10,8,1,1,1,1,1,1,1,1,10,9,9,8,1,1,1,9,8,10,8
292,2022-07-19T00:00:00,火,8,11,9,1,1,1,1,1,1,11,9,8,9,2,8,1,1,1,2,8,9,1,1,1,1,1,1,8,9,9,8,10,9,10,8,1,1,1,1,9,10,8,1,1,1,1
293,2022-07-20T00:00:00,水,11,9,8,9,8,11,9,11,8,8,11,9,2,8,9,9,2,8,9,2,8,9,2,8,10,8,9,10,8,10,10,9,8,9,10,8,8,10,9,8,9,10,10,9,8,10
294,2022-07-21T00:00:00,木,1,1,1,8,11,9,8,9,11,1,1,1,1,1,1,8,9,2,1,1,1,8,9,2,8,9,10,1,1,1,1,1,1,1,1,9,10,8,10,1,1,1,8,10,9,9
295,2022-07-22T00:00:00,金,9,8,11,1,1,1,1,1,1,9,8,11,8,9,2,1,1,1,8,9,2,1,1,1,1,1,1,9,10,8,9,8,10,8,9,1,1,1,1,10,8,9,1,1,1,1
296,2022-07-23T00:00:00,土,,,,,,,,,,,,,,,,,,,,,,,,,,,,,,,,,,,,,,,,,,,,,,
297,2022-07-24T00:00:00,日,,,,,,,,,,,,,,,,,,,,,,,,,,,,,,,,,,,,,,,,,,,,,,
298,2022-07-25T00:00:00,月,1,1,1,10,9,8,10,8,9,1,1,1,1,1,1,10,8,9,1,1,1,10,8,9,9,11,8,1,1,1,1,1,1,1,1,2,9,9,8,1,1,1,9,8,2,8
299,2022-07-26T00:00:00,火,8,10,9,1,1,1,1,1,1,10,9,8,9,10,8,1,1,1,10,8,9,1,1,1,1,1,1,8,9,9,8,11,9,2,8,1,1,1,1,9,2,8,1,1,1,1
300,2022-07-27T00:00:00,水,10,9,8,9,8,10,9,10,8,8,10,9,10,8,9,9,10,8,9,10,8,9,10,8,11,8,9,11,8,11,11,9,8,9,2,8,8,2,9,8,9,2,2,9,8,2
301,2022-07-28T00:00:00,木,1,1,1,8,10,9,8,9,10,1,1,1,1,1,1,8,9,10,1,1,1,8,9,10,8,9,11,1,1,1,1,1,1,1,1,9,2,8,2,1,1,1,8,2,9,9
302,2022-07-29T00:00:00,金,9,8,10,1,1,1,1,1,1,9,8,10,8,9,10,1,1,1,8,9,10,1,1,1,1,1,1,9,11,8,9,8,2,8,9,1,1,1,1,2,8,9,1,1,1,1
303,2022-07-30T00:00:00,土,,,,,,,,,,,,,,,,,,,,,,,,,,,,,,,,,,,,,,,,,,,,,,
304,2022-07-31T00:00:00,日,,,,,,,,,,,,,,,,,,,,,,,,,,,,,,,,,,,,,,,,,,,,,,
305,2022-08-01T00:00:00,月,1,1,1,2,9,8,2,8,9,1,1,1,1,1,1,11,8,9,1,1,1,11,8,9,9,10,8,1,1,1,1,1,1,1,1,10,9,9,8,1,1,1,9,8,10,8
306,2022-08-02T00:00:00,火,8,2,9,1,1,1,1,1,1,2,9,8,9,11,8,1,1,1,11,8,9,1,1,1,1,1,1,8,9,9,8,10,9,10,8,1,1,1,1,9,10,8,1,1,1,1
307,2022-08-03T00:00:00,水,2,9,8,9,8,2,9,2,8,8,2,9,11,8,9,9,11,8,9,11,8,9,11,8,10,8,9,10,8,10,10,9,8,9,10,8,8,10,9,8,9,10,10,9,8,10
308,2022-08-04T00:00:00,木,1,1,1,8,2,9,8,9,2,1,1,1,1,1,1,8,9,11,1,1,1,8,9,11,8,9,10,1,1,1,1,1,1,1,1,9,10,8,10,1,1,1,8,10,9,9
309,2022-08-05T00:00:00,金,9,8,2,1,1,1,1,1,1,9,8,2,8,9,11,1,1,1,8,9,11,1,1,1,1,1,1,9,10,8,9,8,10,8,9,1,1,1,1,10,8,9,1,1,1,1
310,2022-08-06T00:00:00,土,,,,,,,,,,,,,,,,,,,,,,,,,,,,,,,,,,,,,,,,,,,,,,
311,2022-08-07T00:00:00,日,,,,,,,,,,,,,,,,,,,,,,,,,,,,,,,,,,,,,,,,,,,,,,
312,2022-08-08T00:00:00,月,1,1,1,10,9,8,10,8,9,1,1,1,1,1,1,10,8,9,1,1,1,10,8,9,9,2,8,1,1,1,1,1,1,1,1,11,9,9,8,1,1,1,9,8,11,8
313,2022-08-09T00:00:00,火,8,10,9,1,1,1,1,1,1,10,9,8,9,10,8,1,1,1,10,8,9,1,1,1,1,1,1,8,9,9,8,2,9,11,8,1,1,1,1,9,11,8,1,1,1,1
314,2022-08-10T00:00:00,水,10,9,8,9,8,10,9,10,8,8,10,9,10,8,9,9,10,8,9,10,8,9,10,8,2,8,9,2,8,2,2,9,8,9,11,8,8,11,9,8,9,11,11,9,8,11
315,2022-08-11T00:00:00,木,1,1,1,8,10,9,8,9,10,1,1,1,1,1,1,8,9,10,1,1,1,8,9,10,8,9,2,1,1,1,1,1,1,1,1,9,11,8,11,1,1,1,8,11,9,9
316,2022-08-12T00:00:00,金,9,8,10,1,1,1,1,1,1,9,8,10,8,9,10,1,1,1,8,9,10,1,1,1,1,1,1,9,2,8,9,8,11,8,9,1,1,1,1,11,8,9,1,1,1,1
317,2022-08-13T00:00:00,土,,,,,,,,,,,,,,,,,,,,,,,,,,,,,,,,,,,,,,,,,,,,,,
318,2022-08-14T00:00:00,日,,,,,,,,,,,,,,,,,,,,,,,,,,,,,,,,,,,,,,,,,,,,,,
319,2022-08-15T00:00:00,月,1,1,1,11,9,8,11,8,9,1,1,1,1,1,1,2,8,9,1,1,1,2,8,9,9,10,8,1,1,1,1,1,1,1,1,10,9,9,8,1,1,1,9,8,10,8
320,2022-08-16T00:00:00,火,8,11,9,1,1,1,1,1,1,11,9,8,9,2,8,1,1,1,2,8,9,1,1,1,1,1,1,8,9,9,8,10,9,10,8,1,1,1,1,9,10,8,1,1,1,1
321,2022-08-17T00:00:00,水,11,9,8,9,8,11,9,11,8,8,11,9,2,8,9,9,2,8,9,2,8,9,2,8,10,8,9,10,8,10,10,9,8,9,10,8,8,10,9,8,9,10,10,9,8,10
322,2022-08-18T00:00:00,木,1,1,1,8,11,9,8,9,11,1,1,1,1,1,1,8,9,2,1,1,1,8,9,2,8,9,10,1,1,1,1,1,1,1,1,9,10,8,10,1,1,1,8,10,9,9
323,2022-08-19T00:00:00,金,9,8,11,1,1,1,1,1,1,9,8,11,8,9,2,1,1,1,8,9,2,1,1,1,1,1,1,9,10,8,9,8,10,8,9,1,1,1,1,10,8,9,1,1,1,1
324,2022-08-20T00:00:00,土,,,,,,,,,,,,,,,,,,,,,,,,,,,,,,,,,,,,,,,,,,,,,,
325,2022-08-21T00:00:00,日,,,,,,,,,,,,,,,,,,,,,,,,,,,,,,,,,,,,,,,,,,,,,,
326,2022-08-22T00:00:00,月,1,1,1,10,9,8,10,8,9,1,1,1,1,1,1,10,8,9,1,1,1,10,8,9,9,11,8,1,1,1,1,1,1,1,1,2,9,9,8,1,1,1,9,8,2,8
327,2022-08-23T00:00:00,火,8,10,9,1,1,1,1,1,1,10,9,8,9,10,8,1,1,1,10,8,9,1,1,1,1,1,1,8,9,9,8,11,9,2,8,1,1,1,1,9,2,8,1,1,1,1
328,2022-08-24T00:00:00,水,10,9,8,9,8,10,9,10,8,8,10,9,10,8,9,9,10,8,9,10,8,9,10,8,11,8,9,11,8,11,11,9,8,9,2,8,8,2,9,8,9,2,2,9,8,2
329,2022-08-25T00:00:00,木,1,1,1,8,10,9,8,9,10,1,1,1,1,1,1,8,9,10,1,1,1,8,9,10,8,9,11,1,1,1,1,1,1,1,1,9,2,8,2,1,1,1,8,2,9,9
330,2022-08-26T00:00:00,金,9,8,10,1,1,1,1,1,1,9,8,10,8,9,10,1,1,1,8,9,10,1,1,1,1,1,1,9,11,8,9,8,2,8,9,1,1,1,1,2,8,9,1,1,1,1
331,2022-08-27T00:00:00,土,,,,,,,,,,,,,,,,,,,,,,,,,,,,,,,,,,,,,,,,,,,,,,
332,2022-08-28T00:00:00,日,,,,,,,,,,,,,,,,,,,,,,,,,,,,,,,,,,,,,,,,,,,,,,
333,2022-08-29T00:00:00,月,1,1,1,2,9,8,2,8,9,1,1,1,1,1,1,11,8,9,1,1,1,11,8,9,9,10,8,1,1,1,1,1,1,1,1,10,9,9,8,1,1,1,9,8,10,8
334,2022-08-30T00:00:00,火,8,2,9,1,1,1,1,1,1,2,9,8,9,11,8,1,1,1,11,8,9,1,1,1,1,1,1,8,9,9,8,10,9,10,8,1,1,1,1,9,10,8,1,1,1,1
335,2022-08-31T00:00:00,水,2,9,8,9,8,2,9,2,8,8,2,9,11,8,9,9,11,8,9,11,8,9,11,8,10,8,9,10,8,10,10,9,8,9,10,8,8,10,9,8,9,10,10,9,8,10
336,2022-09-01T00:00:00,木,1,1,1,8,2,9,8,9,2,1,1,1,1,1,1,8,9,11,1,1,1,8,9,11,8,9,10,1,1,1,1,1,1,1,1,9,10,8,10,1,1,1,8,10,9,9
337,2022-09-02T00:00:00,金,9,8,2,1,1,1,1,1,1,9,8,2,8,9,11,1,1,1,8,9,11,1,1,1,1,1,1,9,10,8,9,8,10,8,9,1,1,1,1,10,8,9,1,1,1,1
338,2022-09-03T00:00:00,土,,,,,,,,,,,,,,,,,,,,,,,,,,,,,,,,,,,,,,,,,,,,,,
339,2022-09-04T00:00:00,日,,,,,,,,,,,,,,,,,,,,,,,,,,,,,,,,,,,,,,,,,,,,,,
340,2022-09-05T00:00:00,月,1,1,1,10,9,8,10,8,9,1,1,1,1,1,1,10,8,9,1,1,1,10,8,9,9,2,8,1,1,1,1,1,1,1,1,11,9,9,8,1,1,1,9,8,11,8
341,2022-09-06T00:00:00,火,8,10,9,1,1,1,1,1,1,10,9,8,9,10,8,1,1,1,10,8,9,1,1,1,1,1,1,8,9,9,8,2,9,11,8,1,1,1,1,9,11,8,1,1,1,1
342,2022-09-07T00:00:00,水,10,9,8,9,8,10,9,10,8,8,10,9,10,8,9,9,10,8,9,10,8,9,10,8,2,8,9,2,8,2,2,9,8,9,11,8,8,11,9,8,9,11,11,9,8,11
343,2022-09-08T00:00:00,木,1,1,1,8,10,9,8,9,10,1,1,1,1,1,1,8,9,10,1,1,1,8,9,10,8,9,2,1,1,1,1,1,1,1,1,9,11,8,11,1,1,1,8,11,9,9
344,2022-09-09T00:00:00,金,9,8,10,1,1,1,1,1,1,9,8,10,8,9,10,1,1,1,8,9,10,1,1,1,1,1,1,9,2,8,9,8,11,8,9,1,1,1,1,11,8,9,1,1,1,1
345,2022-09-10T00:00:00,土,,,,,,,,,,,,,,,,,,,,,,,,,,,,,,,,,,,,,,,,,,,,,,
346,2022-09-11T00:00:00,日,,,,,,,,,,,,,,,,,,,,,,,,,,,,,,,,,,,,,,,,,,,,,,
347,2022-09-12T00:00:00,月,1,1,1,11,9,8,11,8,9,1,1,1,1,1,1,2,8,9,1,1,1,2,8,9,9,10,8,1,1,1,1,1,1,1,1,10,9,9,8,1,1,1,9,8,10,8
348,2022-09-13T00:00:00,火,8,11,9,1,1,1,1,1,1,11,9,8,9,2,8,1,1,1,2,8,9,1,1,1,1,1,1,8,9,9,8,10,9,10,8,1,1,1,1,9,10,8,1,1,1,1
349,2022-09-14T00:00:00,水,11,9,8,9,8,11,9,11,8,8,11,9,2,8,9,9,2,8,9,2,8,9,2,8,10,8,9,10,8,10,10,9,8,9,10,8,8,10,9,8,9,10,10,9,8,10
350,2022-09-15T00:00:00,木,1,1,1,8,11,9,8,9,11,1,1,1,1,1,1,8,9,2,1,1,1,8,9,2,8,9,10,1,1,1,1,1,1,1,1,9,10,8,10,1,1,1,8,10,9,9
351,2022-09-16T00:00:00,金,9,8,11,1,1,1,1,1,1,9,8,11,8,9,2,1,1,1,8,9,2,1,1,1,1,1,1,9,10,8,9,8,10,8,9,1,1,1,1,10,8,9,1,1,1,1
352,2022-09-17T00:00:00,土,,,,,,,,,,,,,,,,,,,,,,,,,,,,,,,,,,,,,,,,,,,,,,
353,2022-09-18T00:00:00,日,,,,,,,,,,,,,,,,,,,,,,,,,,,,,,,,,,,,,,,,,,,,,,
354,2022-09-19T00:00:00,月,1,1,1,10,9,8,10,8,9,1,1,1,1,1,1,10,8,9,1,1,1,10,8,9,9,11,8,1,1,1,1,1,1,1,1,2,9,9,8,1,1,1,9,8,2,8
355,2022-09-20T00:00:00,火,8,10,9,1,1,1,1,1,1,10,9,8,9,10,8,1,1,1,10,8,9,1,1,1,1,1,1,8,9,9,8,11,9,2,8,1,1,1,1,9,2,8,1,1,1,1
356,2022-09-21T00:00:00,水,10,9,8,9,8,10,9,10,8,8,10,9,10,8,9,9,10,8,9,10,8,9,10,8,11,8,9,11,8,11,11,9,8,9,2,8,8,2,9,8,9,2,2,9,8,2
357,2022-09-22T00:00:00,木,1,1,1,8,10,9,8,9,10,1,1,1,1,1,1,8,9,10,1,1,1,8,9,10,8,9,11,1,1,1,1,1,1,1,1,9,2,8,2,1,1,1,8,2,9,9
358,2022-09-23T00:00:00,金,9,8,10,1,1,1,1,1,1,9,8,10,8,9,10,1,1,1,8,9,10,1,1,1,1,1,1,9,11,8,9,8,2,8,9,1,1,1,1,2,8,9,1,1,1,1
359,2022-09-24T00:00:00,土,,,,,,,,,,,,,,,,,,,,,,,,,,,,,,,,,,,,,,,,,,,,,,
360,2022-09-25T00:00:00,日,,,,,,,,,,,,,,,,,,,,,,,,,,,,,,,,,,,,,,,,,,,,,,
361,2022-09-26T00:00:00,月,1,1,1,2,9,8,2,8,9,1,1,1,1,1,1,11,8,9,1,1,1,11,8,9,9,10,8,1,1,1,1,1,1,1,1,10,9,9,8,1,1,1,9,8,10,8
362,2022-09-27T00:00:00,火,8,2,9,1,1,1,1,1,1,2,9,8,9,11,8,1,1,1,11,8,9,1,1,1,1,1,1,8,9,9,8,10,9,10,8,1,1,1,1,9,10,8,1,1,1,1
363,2022-09-28T00:00:00,水,2,9,8,9,8,2,9,2,8,8,2,9,11,8,9,9,11,8,9,11,8,9,11,8,10,8,9,10,8,10,10,9,8,9,10,8,8,10,9,8,9,10,10,9,8,10
364,2022-09-29T00:00:00,木,1,1,1,8,2,9,8,9,2,1,1,1,1,1,1,8,9,11,1,1,1,8,9,11,8,9,10,1,1,1,1,1,1,1,1,9,10,8,10,1,1,1,8,10,9,9
365,2022-09-30T00:00:00,金,9,8,2,1,1,1,1,1,1,9,8,2,8,9,11,1,1,1,8,9,11,1,1,1,1,1,1,9,10,8,9,8,10,8,9,1,1,1,1,10,8,9,1,1,1,1
